market,link,price,name,date,datetime,stock
cardrush,https://www.cardrush-pokemon.jp/product/33608,50,ムウマージ031/0,2022-12-26,2022-12-26 07:46:15,60
cardrush,https://www.cardrush-pokemon.jp/product/33551,30,ムウマージ031/0,2022-12-26,2022-12-26 07:46:15,132
cardrush,https://www.cardrush-pokemon.jp/product/33853,30,ムウマージ031/0,2022-12-26,2022-12-26 07:46:15,0
