market,link,price,name,date,datetime,stock
hareruya2,https://www.hareruya2.com/product/24150,100,キングドラ(R){水,2022-11-23,2022-11-23 09:00:53,36
