market,link,price,name,date,datetime,stock
cardrush,https://www.cardrush-pokemon.jp/product/37604,780,アンノーンV102/,2022-11-04,2022-11-04 06:56:30,63
cardrush,https://www.cardrush-pokemon.jp/product/37702,580,アンノーンV102/,2022-11-04,2022-11-04 06:56:30,2
