market,link,price,name,date,datetime,stock
hareruya2,https://www.hareruya2.com/product/25597,700,アンノーンV(SR),2022-12-28,2022-12-28 10:11:29,1
