market,link,price,name,date,datetime,stock
torecolo,/shop/g/g249-414-SI-B/,88,【ポケカ】ＳＳ）通常,2022-12-22,2022-12-22 06:37:15,3
torecolo,/shop/g/g249-414-SI-BM/,77,【ポケカ】ＳＳ）ミラ,2022-12-22,2022-12-22 06:37:15,2
