market,link,price,name,date,datetime,stock
hareruya2,https://www.hareruya2.com/product/26342,1300,ヨマワル(AR){超,2022-12-22,2022-12-22 11:18:07,2
