market,link,price,name,date,datetime,stock
torecolo,/shop/g/g050-414-SI-B/,24,【ポケカ】ＳＳ◇ウイ,2022-11-15,2022-11-15 06:05:27,6
