market,link,price,name,date,datetime,stock
hareruya2,https://www.hareruya2.com/product/21680,50,ヤトウモリ(D){炎,2022-11-15,2022-11-15 06:07:13,0
