market,link,price,name,date,datetime,stock
magi,/items/1059567474,400,【特価】ヒスイジュナ,2023-01-04,2023-01-04 07:46:41,1
