market,link,price,name,date,datetime,stock
torecolo,/shop/g/g062-067-S9A-BM/,110,【ポケカ】Ｕ）ミラー,2022-11-22,2022-11-22 07:27:46,8
torecolo,/shop/g/g062-067-S9A-B/,77,【ポケカ】Ｕ）通常仕,2022-11-22,2022-11-22 07:27:46,10
