market,link,price,name,date,datetime,stock
magi,/items/678470294,200,ヒスイビリリダマ A,2022-12-12,2022-12-12 11:08:44,1
magi,/items/525931108,300,プレゼント付き　ヒス,2022-12-12,2022-12-12 11:08:44,1
magi,/items/1404049759,160,ヒスイビリリダマ A,2022-12-12,2022-12-12 11:08:44,1
magi,/items/102415737,150,ヒスイビリリダマ A,2022-12-12,2022-12-12 11:08:44,1
magi,/items/314353609,120,ヒスイビリリダマ A,2022-12-12,2022-12-12 11:08:44,1
magi,/items/1885226630,200,ヒスイビリリダマ A,2022-12-12,2022-12-12 11:08:44,1
magi,/items/629252308,200,ヒスイビリリダマ A,2022-12-12,2022-12-12 11:08:44,1
magi,/items/1976041874,400,ヒスイビリリダマ A,2022-12-12,2022-12-12 11:08:44,1
