market,link,price,name,date,datetime,stock
torecolo,/shop/g/g058-100-S9-B/,2,【ポケカ】Ｃ◇ゴビッ,2022-11-29,2022-11-29 07:05:14,13
