market,link,price,name,date,datetime,stock
cardrush,https://www.cardrush-pokemon.jp/product/38093,30,コロボーシ009/1,2023-01-09,2023-01-09 10:08:44,101
cardrush,https://www.cardrush-pokemon.jp/product/38263,50,コロボーシ009/1,2023-01-09,2023-01-09 10:08:44,5
cardrush,https://www.cardrush-pokemon.jp/product/38537,40,コロボーシ009/1,2023-01-09,2023-01-09 10:08:44,0
