market,link,price,name,date,datetime,stock
hareruya2,https://www.hareruya2.com/product/22005,50,基本炎エネルギー:後,2022-12-27,2022-12-27 08:41:50,21
hareruya2,https://www.hareruya2.com/product/17579,50,基本炎エネルギー:前,2022-12-27,2022-12-27 08:41:50,8
hareruya2,https://www.hareruya2.com/product/20955,50,基本炎エネルギー:後,2022-12-27,2022-12-27 08:41:50,1
hareruya2,https://www.hareruya2.com/product/19799,50,基本炎エネルギー(-,2022-12-27,2022-12-27 08:41:50,1
hareruya2,https://www.hareruya2.com/product/25847,50,基本炎エネルギー(-,2022-12-27,2022-12-27 08:41:50,74
hareruya2,https://www.hareruya2.com/product/20598,50,基本炎エネルギー:2,2022-12-27,2022-12-27 08:41:50,243
hareruya2,https://www.hareruya2.com/product/17086,150,基本炎エネルギー:ミ,2022-12-27,2022-12-27 08:41:50,4
hareruya2,https://www.hareruya2.com/product/21431,50,基本炎エネルギー(C,2022-12-27,2022-12-27 08:41:50,46
hareruya2,https://www.hareruya2.com/product/20946,50,基本炎エネルギー:前,2022-12-27,2022-12-27 08:41:50,0
hareruya2,https://www.hareruya2.com/product/20964,100,基本炎エネルギー(D,2022-12-27,2022-12-27 08:41:50,0
hareruya2,https://www.hareruya2.com/product/19582,100,基本炎エネルギー(-,2022-12-27,2022-12-27 08:41:50,0
hareruya2,https://www.hareruya2.com/product/19429,100,基本炎エネルギー(C,2022-12-27,2022-12-27 08:41:50,0
hareruya2,https://www.hareruya2.com/product/20937,100,基本炎エネルギー:ミ,2022-12-27,2022-12-27 08:41:50,0
hareruya2,https://www.hareruya2.com/product/15932,50,基本炎エネルギー(D,2022-12-27,2022-12-27 08:41:50,0
hareruya2,https://www.hareruya2.com/product/2540,3000,基本炎エネルギー(C,2022-12-27,2022-12-27 08:41:50,0
hareruya2,https://www.hareruya2.com/product/13209,100,基本炎エネルギー(C,2022-12-27,2022-12-27 08:41:50,0
hareruya2,https://www.hareruya2.com/product/21607,100,基本炎エネルギー:ミ,2022-12-27,2022-12-27 08:41:50,0
