market,link,price,name,date,datetime,stock
torecolo,/shop/g/g041-067-S9A-BM/,28,【ポケカ】Ｃ）ミラー,2022-12-14,2022-12-14 07:43:29,5
torecolo,/shop/g/g041-067-S9A-B/,2,【ポケカ】Ｃ）通常仕,2022-12-14,2022-12-14 07:43:29,16
