market,link,price,name,date,datetime,stock
cardrush,https://www.cardrush-pokemon.jp/product/23249,80,キュウコン048/4,2022-11-07,2022-11-07 09:35:31,0
