market,link,price,name,date,datetime,stock
cardrush,https://www.cardrush-pokemon.jp/product/23437,30,アブリボン194/4,2022-12-08,2022-12-08 06:32:08,0
