market,link,price,name,date,datetime,stock
cardrush,https://www.cardrush-pokemon.jp/product/35287,80,アルセウスフォン06,2022-12-09,2022-12-09 08:15:24,36
cardrush,https://www.cardrush-pokemon.jp/product/35337,80,アルセウスフォン06,2022-12-09,2022-12-09 08:15:24,182
