market,link,price,name,date,datetime,stock
cardrush,https://www.cardrush-pokemon.jp/product/36916,30,ヒンバス027/06,2022-10-29,2022-10-29 11:04:29,55
cardrush,https://www.cardrush-pokemon.jp/product/36973,50,ヒンバス027/06,2022-10-29,2022-10-29 11:04:29,125
cardrush,https://www.cardrush-pokemon.jp/product/37187,30,ヒンバス027/06,2022-10-29,2022-10-29 11:04:29,0
