market,link,price,name,date,datetime,stock
hareruya2,https://www.hareruya2.com/product/17408,300,ホルビー(PROMO,2022-12-23,2022-12-23 12:08:33,3
