market,link,price,name,date,datetime,stock
cardrush,https://www.cardrush-pokemon.jp/product/36947,30,ペラップ058/06,2022-11-17,2022-11-17 09:18:03,180
cardrush,https://www.cardrush-pokemon.jp/product/36993,50,ペラップ058/06,2022-11-17,2022-11-17 09:18:03,171
