market,link,price,name,date,datetime,stock
hareruya2,https://www.hareruya2.com/product/24157,50,シズクモ(C){水},2022-12-06,2022-12-06 10:11:12,39
