market,link,price,name,date,datetime,stock
hareruya2,https://www.hareruya2.com/product/24221,300,アクロマの実験(U),2022-11-10,2022-11-10 08:51:40,9
