market,link,price,name,date,datetime,stock
torecolo,/shop/g/g095-100-S11-B/,110,【ポケカ】Ｕ◇アクロ,2022-12-05,2022-12-05 08:56:18,84
