market,link,price,name,date,datetime,stock
torecolo,/shop/g/g095-100-S11-B/,110,【ポケカ】Ｕ◇アクロ,2022-12-17,2022-12-17 09:24:21,66
