market,link,price,name,date,datetime,stock
hareruya2,https://www.hareruya2.com/product/17311,600,シロナ&カトレア(P,2022-11-30,2022-11-30 10:01:21,0
