market,link,price,name,date,datetime,stock
cardrush,https://www.cardrush-pokemon.jp/product/34602,30,ヤンヤンマ001/0,2022-12-25,2022-12-25 08:48:16,70
