market,link,price,name,date,datetime,stock
magi,/items/1422575266,120,レスキューキャリー(,2023-01-06,2023-01-06 11:03:31,1
magi,/items/513568095,320,レスキューキャリー【,2023-01-06,2023-01-06 11:03:31,1
magi,/items/896936228,150,レスキューキャリー ,2023-01-06,2023-01-06 11:03:31,1
magi,/items/52611813,300,レスキューキャリー ,2023-01-06,2023-01-06 11:03:31,1
magi,/items/171070906,200,レスキューキャリー ,2023-01-06,2023-01-06 11:03:31,1
magi,/items/1860934239,250,レスキューキャリー ,2023-01-06,2023-01-06 11:03:31,1
magi,/items/579021764,100,レスキューキャリー ,2023-01-06,2023-01-06 11:03:31,1
magi,/items/289946940,200,レスキューキャリー ,2023-01-06,2023-01-06 11:03:31,1
magi,/items/650542036,120,レスキューキャリー ,2023-01-06,2023-01-06 11:03:31,1
magi,/items/829507243,125,レスキューキャリー ,2023-01-06,2023-01-06 11:03:31,1
magi,/items/910391087,125,レスキューキャリー ,2023-01-06,2023-01-06 11:03:31,1
magi,/items/1115966405,190,レスキューキャリー(,2023-01-06,2023-01-06 11:03:31,1
magi,/items/1690156462,240,レスキューキャリー ,2023-01-06,2023-01-06 11:03:31,1
magi,/items/507281678,100,レスキューキャリー(,2023-01-06,2023-01-06 11:03:31,1
magi,/items/1766312533,110,レスキューキャリー(,2023-01-06,2023-01-06 11:03:31,1
magi,/items/1776640659,180,レスキューキャリー ,2023-01-06,2023-01-06 11:03:31,1
magi,/items/740487895,230,レスキューキャリー ,2023-01-06,2023-01-06 11:03:31,1
magi,/items/1461099736,230,レスキューキャリー ,2023-01-06,2023-01-06 11:03:31,1
magi,/items/869393448,230,レスキューキャリー ,2023-01-06,2023-01-06 11:03:31,1
magi,/items/390788215,50,【４枚セット】レスキ,2023-01-06,2023-01-06 11:03:31,4
magi,/items/865708382,200,レスキューキャリー ,2023-01-06,2023-01-06 11:03:31,1
magi,/items/2137741782,250,レスキューキャリー ,2023-01-06,2023-01-06 11:03:31,1
magi,/items/1985092793,300,レスキューキャリー ,2023-01-06,2023-01-06 11:03:31,1
magi,/items/429611856,300,レスキューキャリー ,2023-01-06,2023-01-06 11:03:31,1
magi,/items/1370519451,300,レスキューキャリー ,2023-01-06,2023-01-06 11:03:31,1
magi,/items/832182163,400,レスキューキャリー ,2023-01-06,2023-01-06 11:03:31,1
magi,/items/480370300,200,レスキューキャリー ,2023-01-06,2023-01-06 11:03:31,1
magi,/items/1519418903,200,レスキューキャリー ,2023-01-06,2023-01-06 11:03:31,1
magi,/items/1024977903,157,レスキューキャリー【,2023-01-06,2023-01-06 11:03:31,1
magi,/items/1484324731,40,1枚40円 s12a,2023-01-06,2023-01-06 11:03:31,1
magi,/items/1818148254,250,レスキューキャリー ,2023-01-06,2023-01-06 11:03:31,1
magi,/items/1036235834,250,レスキューキャリー ,2023-01-06,2023-01-06 11:03:31,1
magi,/items/836849904,250,レスキューキャリー ,2023-01-06,2023-01-06 11:03:31,1
