market,link,price,name,date,datetime,stock
magi,/items/1910216384,100,ピオニー TD 40,2022-12-18,2022-12-18 07:05:15,1
magi,/items/1355338807,100,ピオニー TD 40,2022-12-18,2022-12-18 07:05:15,1
magi,/items/344670177,100,ピオニー TD 40,2022-12-18,2022-12-18 07:05:15,1
magi,/items/1116795414,100,ピオニー TD 40,2022-12-18,2022-12-18 07:05:15,1
magi,/items/1251337727,100,ピオニー TD 40,2022-12-18,2022-12-18 07:05:15,1
magi,/items/1613939879,100,ピオニー TD 40,2022-12-18,2022-12-18 07:05:15,1
