market,link,price,name,date,datetime,stock
hareruya2,https://www.hareruya2.com/product/17347,800,ブリムオンV(PRO,2022-12-27,2022-12-27 12:01:34,3
