market,link,price,name,date,datetime,stock
cardrush,https://www.cardrush-pokemon.jp/product/23230,30,ラランテス033/4,2022-11-27,2022-11-27 06:04:04,20
