market,link,price,name,date,datetime,stock
torecolo,/shop/g/g027-067-S9A-BM/,44,【ポケカ】Ｃ）ミラー,2022-12-13,2022-12-13 07:41:45,5
torecolo,/shop/g/g027-067-S9A-B/,33,【ポケカ】Ｃ）通常仕,2022-12-13,2022-12-13 07:41:45,5
