market,link,price,name,date,datetime,stock
torecolo,/shop/g/g066-068-S11A-BM/,77,【ポケカ】Ｃ）ミラー,2022-12-30,2022-12-30 09:42:48,9
torecolo,/shop/g/g066-068-S11A-B/,44,【ポケカ】Ｃ）通常仕,2022-12-30,2022-12-30 09:42:48,19
