market,link,price,name,date,datetime,stock
cardrush,https://www.cardrush-pokemon.jp/product/23690,80,エール団の応援388,2022-12-27,2022-12-27 07:01:49,249
cardrush,https://www.cardrush-pokemon.jp/product/23691,120,エール団の応援388,2022-12-27,2022-12-27 07:01:49,236
