market,link,price,name,date,datetime,stock
magi,/items/188135937,150,オニスズメ(キラ) ,2022-12-15,2022-12-15 06:48:29,1
