market,link,price,name,date,datetime,stock
hareruya2,https://www.hareruya2.com/product/22009,50,基本闘エネルギー:後,2022-12-28,2022-12-28 07:13:49,212
hareruya2,https://www.hareruya2.com/product/20941,100,基本闘エネルギー:ミ,2022-12-28,2022-12-28 07:13:49,1
hareruya2,https://www.hareruya2.com/product/17583,50,基本闘エネルギー:前,2022-12-28,2022-12-28 07:13:49,125
hareruya2,https://www.hareruya2.com/product/20959,50,基本闘エネルギー:後,2022-12-28,2022-12-28 07:13:49,1
hareruya2,https://www.hareruya2.com/product/13460,50,基本闘エネルギー:サ,2022-12-28,2022-12-28 07:13:49,15
hareruya2,https://www.hareruya2.com/product/20602,50,基本闘エネルギー:2,2022-12-28,2022-12-28 07:13:49,81
hareruya2,https://www.hareruya2.com/product/13426,100,基本闘エネルギー(C,2022-12-28,2022-12-28 07:13:49,3
hareruya2,https://www.hareruya2.com/product/21611,100,基本闘エネルギー:ミ,2022-12-28,2022-12-28 07:13:49,124
hareruya2,https://www.hareruya2.com/product/21435,50,基本闘エネルギー(C,2022-12-28,2022-12-28 07:13:49,53
hareruya2,https://www.hareruya2.com/product/2520,1500,基本闘エネルギー:キ,2022-12-28,2022-12-28 07:13:49,0
hareruya2,https://www.hareruya2.com/product/20968,100,基本闘エネルギー(D,2022-12-28,2022-12-28 07:13:49,0
hareruya2,https://www.hareruya2.com/product/20950,50,基本闘エネルギー:前,2022-12-28,2022-12-28 07:13:49,0
hareruya2,https://www.hareruya2.com/product/19850,50,基本闘エネルギー(-,2022-12-28,2022-12-28 07:13:49,0
hareruya2,https://www.hareruya2.com/product/17239,150,基本闘エネルギー:ミ,2022-12-28,2022-12-28 07:13:49,0
