market,link,price,name,date,datetime,stock
torecolo,/shop/g/g206-414-SI-B/,7,【ポケカ】ＳＳ◇ディ,2022-12-15,2022-12-15 06:31:07,8
