market,link,price,name,date,datetime,stock
cardrush,https://www.cardrush-pokemon.jp/product/33651,80,博士の研究ナナカマド,2022-12-03,2022-12-03 07:36:55,671
