market,link,price,name,date,datetime,stock
hareruya2,https://www.hareruya2.com/product/21676,50,クイタラン(D){炎,2022-12-02,2022-12-02 06:07:06,17
