market,link,price,name,date,datetime,stock
cardrush,https://www.cardrush-pokemon.jp/product/23561,80,モルペコV290/4,2023-01-05,2023-01-05 06:46:57,288
cardrush,https://www.cardrush-pokemon.jp/product/33233,70,モルペコV290/4,2023-01-05,2023-01-05 06:46:57,0
cardrush,https://www.cardrush-pokemon.jp/product/34551,50,モルペコV290/4,2023-01-05,2023-01-05 06:46:57,0
