market,link,price,name,date,datetime,stock
hareruya2,https://www.hareruya2.com/product/22662,50,ヘラクロス(C){草,2022-11-27,2022-11-27 07:14:40,34
hareruya2,https://www.hareruya2.com/product/22728,50,ヘラクロス:ミラー(,2022-11-27,2022-11-27 07:14:40,53
