market,link,price,name,date,datetime,stock
hareruya2,https://www.hareruya2.com/product/21653,150,アップリューV(D),2022-12-01,2022-12-01 06:05:07,15
