market,link,price,name,date,datetime,stock
torecolo,/shop/g/g005-071-S10A-BM/,44,【ポケカ】Ｃ）ミラー,2022-12-28,2022-12-28 08:07:16,0
torecolo,/shop/g/g005-071-S10A-B/,33,【ポケカ】Ｃ）通常仕,2022-12-28,2022-12-28 08:07:16,6
