market,link,price,name,date,datetime,stock
cardrush,https://www.cardrush-pokemon.jp/product/23299,80,シャワーズV087/,2022-11-25,2022-11-25 06:08:32,1
cardrush,https://www.cardrush-pokemon.jp/product/33088,70,シャワーズV087/,2022-11-25,2022-11-25 06:08:32,0
