market,link,price,name,date,datetime,stock
torecolo,/shop/g/g044-067-S10D-B/,33,【ポケカ】Ｃ◇コイル,2022-11-19,2022-11-19 08:41:31,19
