market,link,price,name,date,datetime,stock
torecolo,/shop/g/g051-067-S10D-B/,2,【ポケカ】Ｕ◇キリキ,2022-10-25,2022-10-25 18:45:56,16
