market,link,price,name,date,datetime,stock
torecolo,/shop/g/g079-100-S9-B/,33,【ポケカ】Ｃ◇ムクバ,2022-11-16,2022-11-16 07:05:28,3
