market,link,price,name,date,datetime,stock
torecolo,/shop/g/g033-100-S11-B/,44,【ポケカ】Ｕ◇ウッウ,2022-12-11,2022-12-11 09:05:07,84
