market,link,price,name,date,datetime,stock
torecolo,/shop/g/g031-067-S9A-BM/,77,【ポケカ】Ｕ）ミラー,2022-10-27,2022-10-27 13:03:08,6
torecolo,/shop/g/g031-067-S9A-B/,33,【ポケカ】Ｕ）通常仕,2022-10-27,2022-10-27 13:03:08,15
