market,link,price,name,date,datetime,stock
magi,/items/292858929,147,【プロモセット】コロ,2022-12-27,2022-12-27 12:35:17,1
