market,link,price,name,date,datetime,stock
magi,/items/1889935915,25,レドームシ C 00,2022-11-22,2022-11-22 08:16:59,4
magi,/items/1982685983,25,レドームシ C 00,2022-11-22,2022-11-22 08:16:59,4
magi,/items/1230406689,25,レドームシ C 00,2022-11-22,2022-11-22 08:16:59,4
magi,/items/1603396043,100,レドームシ C 00,2022-11-22,2022-11-22 08:16:59,1
magi,/items/288467628,100,レドームシ C 00,2022-11-22,2022-11-22 08:16:59,1
magi,/items/1604559590,100,レドームシ C 00,2022-11-22,2022-11-22 08:16:59,1
magi,/items/2009010304,100,レドームシ C 00,2022-11-22,2022-11-22 08:16:59,1
magi,/items/158933209,100,レドームシ C 00,2022-11-22,2022-11-22 08:16:59,1
