market,link,price,name,date,datetime,stock
cardrush,https://www.cardrush-pokemon.jp/product/36311,180,ゼラオラVMAX00,2022-11-27,2022-11-27 08:38:10,45
cardrush,https://www.cardrush-pokemon.jp/product/36567,170,ゼラオラVMAX00,2022-11-27,2022-11-27 08:38:10,0
cardrush,https://www.cardrush-pokemon.jp/product/36617,80,ゼラオラVMAX00,2022-11-27,2022-11-27 08:38:10,0
