market,link,price,name,date,datetime,stock
hareruya2,https://www.hareruya2.com/product/20822,100,エレズン(PROMO,2022-12-11,2022-12-11 12:04:57,0
