market,link,price,name,date,datetime,stock
torecolo,/shop/g/g252-414-SI-B/,77,【ポケカ】ＳＳ）通常,2022-12-22,2022-12-22 06:37:54,2
torecolo,/shop/g/g252-414-SI-BM/,44,【ポケカ】ＳＳ）ミラ,2022-12-22,2022-12-22 06:37:54,5
