market,link,price,name,date,datetime,stock
hareruya2,https://www.hareruya2.com/product/23769,50,アローラコラッタ(C,2022-11-18,2022-11-18 08:04:51,16
