market,link,price,name,date,datetime,stock
cardrush,https://www.cardrush-pokemon.jp/product/23193,80,バタフリー004/4,2022-12-03,2022-12-03 06:01:21,0
