market,link,price,name,date,datetime,stock
hareruya2,https://www.hareruya2.com/product/21575,100,ケッキング:ミラー(,2022-11-21,2022-11-21 06:42:26,23
