market,link,price,name,date,datetime,stock
torecolo,/shop/g/g312-414-SI-B/,33,【ポケカ】ＳＳ◇ダイ,2022-12-27,2022-12-27 06:47:43,5
