market,link,price,name,date,datetime,stock
hareruya2,https://www.hareruya2.com/product/26335,200,ヒスイヌメルゴン(A,2023-01-06,2023-01-06 11:21:43,45
