market,link,price,name,date,datetime,stock
cardrush,https://www.cardrush-pokemon.jp/product/36297,220,ミラージュゲート09,2022-10-25,2022-10-25 08:41:44,45
cardrush,https://www.cardrush-pokemon.jp/product/36418,190,ミラージュゲート09,2022-10-25,2022-10-25 08:41:44,0
cardrush,https://www.cardrush-pokemon.jp/product/36477,120,ミラージュゲート09,2022-10-25,2022-10-25 08:41:44,0
