market,link,price,name,date,datetime,stock
hareruya2,https://www.hareruya2.com/product/21567,200,オノンド:ミラー(D,2022-11-30,2022-11-30 06:42:14,2
hareruya2,https://www.hareruya2.com/product/21911,50,オノンド(D){ドラ,2022-11-30,2022-11-30 06:42:14,1
