market,link,price,name,date,datetime,stock
torecolo,/shop/g/g093-068-S11A-B/,2750,【ポケカ】ＵＲ◇エネ,2022-12-03,2022-12-03 09:22:55,0
