market,link,price,name,date,datetime,stock
hareruya2,https://www.hareruya2.com/product/25843,200,ヒガナの決意(-){,2022-11-14,2022-11-14 09:42:26,12
