market,link,price,name,date,datetime,stock
cardrush,https://www.cardrush-pokemon.jp/product/24301,30,フローゼル029/1,2022-12-18,2022-12-18 07:16:42,55
