market,link,price,name,date,datetime,stock
cardrush,https://www.cardrush-pokemon.jp/product/35293,80,ヒナツ069/071,2022-11-08,2022-11-08 07:56:37,54
cardrush,https://www.cardrush-pokemon.jp/product/35342,120,ヒナツ069/071,2022-11-08,2022-11-08 07:56:37,215
