market,link,price,name,date,datetime,stock
cardrush,https://www.cardrush-pokemon.jp/product/22179,80,ヤジロン217/S-,2022-12-08,2022-12-08 12:04:24,2
cardrush,https://www.cardrush-pokemon.jp/product/32566,70,ヤジロン217/S-,2022-12-08,2022-12-08 12:04:24,0
