market,link,price,name,date,datetime,stock
cardrush,https://www.cardrush-pokemon.jp/product/22179,80,ヤジロン217/S-,2023-01-11,2023-01-11 12:13:00,0
cardrush,https://www.cardrush-pokemon.jp/product/32566,70,ヤジロン217/S-,2023-01-11,2023-01-11 12:13:00,0
