market,link,price,name,date,datetime,stock
hareruya2,https://www.hareruya2.com/product/17409,300,エースバーンVMAX,2022-12-23,2022-12-23 12:04:12,8
