market,link,price,name,date,datetime,stock
hareruya2,https://www.hareruya2.com/product/24151,50,ホエルコ(C){水},2022-10-25,2022-10-25 11:01:55,20
