market,link,price,name,date,datetime,stock
cardrush,https://www.cardrush-pokemon.jp/product/36574,110,葉隠れポンチョ013,2023-01-02,2023-01-02 09:07:42,1
cardrush,https://www.cardrush-pokemon.jp/product/36318,120,葉隠れポンチョ013,2023-01-02,2023-01-02 09:07:42,101
cardrush,https://www.cardrush-pokemon.jp/product/36624,50,葉隠れポンチョ013,2023-01-02,2023-01-02 09:07:42,0
cardrush,https://www.cardrush-pokemon.jp/product/36667,30,葉隠れポンチョ013,2023-01-02,2023-01-02 09:07:42,0
