market,link,price,name,date,datetime,stock
cardrush,https://www.cardrush-pokemon.jp/product/35261,30,ウソッキー037/0,2023-01-08,2023-01-08 08:21:38,166
cardrush,https://www.cardrush-pokemon.jp/product/35321,50,ウソッキー037/0,2023-01-08,2023-01-08 08:21:38,151
