market,link,price,name,date,datetime,stock
magi,/items/1089884464,100,フシギバナ R 00,2022-10-28,2022-10-28 11:23:26,1
magi,/items/111595179,240,フシギバナ R 00,2022-10-28,2022-10-28 11:23:26,1
magi,/items/560902228,112,【特価】フシギバナ ,2022-10-28,2022-10-28 11:23:26,1
magi,/items/1646816776,30,1枚30円 フシギバ,2022-10-28,2022-10-28 11:23:26,1
