market,link,price,name,date,datetime,stock
cardrush,https://www.cardrush-pokemon.jp/product/36464,50,レイスポス055/1,2022-12-21,2022-12-21 09:08:16,2
cardrush,https://www.cardrush-pokemon.jp/product/36260,80,レイスポス055/1,2022-12-21,2022-12-21 09:08:16,220
