market,link,price,name,date,datetime,stock
cardrush,https://www.cardrush-pokemon.jp/product/23666,80,クラッシュハンマー3,2023-01-03,2023-01-03 07:01:40,75
cardrush,https://www.cardrush-pokemon.jp/product/23667,220,クラッシュハンマー3,2023-01-03,2023-01-03 07:01:40,217
cardrush,https://www.cardrush-pokemon.jp/product/33297,200,クラッシュハンマー3,2023-01-03,2023-01-03 07:01:40,34
cardrush,https://www.cardrush-pokemon.jp/product/35596,120,クラッシュハンマー3,2023-01-03,2023-01-03 07:01:40,0
cardrush,https://www.cardrush-pokemon.jp/product/33296,70,クラッシュハンマー3,2023-01-03,2023-01-03 07:01:40,0
