market,link,price,name,date,datetime,stock
torecolo,/shop/g/g039-414-SI-B/,33,【ポケカ】ＳＳ◇ワタ,2022-11-25,2022-11-25 06:04:19,0
