market,link,price,name,date,datetime,stock
magi,/items/1641836474,25,ガーディ C 012,2022-11-26,2022-11-26 09:14:59,12
magi,/items/477227308,100,ガーディ(ミラー) ,2022-11-26,2022-11-26 09:14:59,1
magi,/items/616564792,100,ガーディ C 012,2022-11-26,2022-11-26 09:14:59,1
magi,/items/1982903988,100,一枚２５円 ガーディ,2022-11-26,2022-11-26 09:14:59,1
magi,/items/683188865,25,ガーディ C 012,2022-11-26,2022-11-26 09:14:59,4
magi,/items/169695520,280,ガーディ C 012,2022-11-26,2022-11-26 09:14:59,1
magi,/items/1504912687,25,1枚25円 s11a,2022-11-26,2022-11-26 09:14:59,1
magi,/items/1484064737,25,1枚25円 s11a,2022-11-26,2022-11-26 09:14:59,1
