market,link,price,name,date,datetime,stock
cardrush,https://www.cardrush-pokemon.jp/product/33717,1180,コトブキムラ093/,2022-12-31,2022-12-31 08:05:13,29
cardrush,https://www.cardrush-pokemon.jp/product/33903,980,コトブキムラ093/,2022-12-31,2022-12-31 08:05:13,1
cardrush,https://www.cardrush-pokemon.jp/product/33810,1090,コトブキムラ093/,2022-12-31,2022-12-31 08:05:13,14
