market,link,price,name,date,datetime,stock
hareruya2,https://www.hareruya2.com/product/26328,250,ソルロック(AR){,2022-12-14,2022-12-14 10:56:13,9
