market,link,price,name,date,datetime,stock
cardrush,https://www.cardrush-pokemon.jp/product/23647,80,ジジーロンV359/,2022-12-14,2022-12-14 06:55:38,230
cardrush,https://www.cardrush-pokemon.jp/product/23648,120,ジジーロンV359/,2022-12-14,2022-12-14 06:55:38,107
