market,link,price,name,date,datetime,stock
cardrush,https://www.cardrush-pokemon.jp/product/23647,80,ジジーロンV359/,2022-11-17,2022-11-17 06:47:53,232
cardrush,https://www.cardrush-pokemon.jp/product/23648,120,ジジーロンV359/,2022-11-17,2022-11-17 06:47:53,104
