market,link,price,name,date,datetime,stock
cardrush,https://www.cardrush-pokemon.jp/product/24318,30,サマヨール046/1,2022-11-29,2022-11-29 07:03:46,22
