market,link,price,name,date,datetime,stock
hareruya2,https://www.hareruya2.com/product/22010,50,基本悪エネルギー:後,2022-12-24,2022-12-24 07:07:29,120
hareruya2,https://www.hareruya2.com/product/17584,50,基本悪エネルギー:前,2022-12-24,2022-12-24 07:07:29,106
hareruya2,https://www.hareruya2.com/product/19451,50,基本悪エネルギー(-,2022-12-24,2022-12-24 07:07:29,217
hareruya2,https://www.hareruya2.com/product/19851,50,基本悪エネルギー(-,2022-12-24,2022-12-24 07:07:29,3
hareruya2,https://www.hareruya2.com/product/20603,50,基本悪エネルギー:2,2022-12-24,2022-12-24 07:07:29,54
hareruya2,https://www.hareruya2.com/product/21612,100,基本悪エネルギー:ミ,2022-12-24,2022-12-24 07:07:29,37
hareruya2,https://www.hareruya2.com/product/21436,50,基本悪エネルギー(C,2022-12-24,2022-12-24 07:07:29,67
hareruya2,https://www.hareruya2.com/product/20951,50,基本悪エネルギー:前,2022-12-24,2022-12-24 07:07:29,0
hareruya2,https://www.hareruya2.com/product/20969,100,基本悪エネルギー(D,2022-12-24,2022-12-24 07:07:29,0
hareruya2,https://www.hareruya2.com/product/20942,100,基本悪エネルギー:ミ,2022-12-24,2022-12-24 07:07:29,0
hareruya2,https://www.hareruya2.com/product/19921,200,基本悪エネルギー(D,2022-12-24,2022-12-24 07:07:29,0
hareruya2,https://www.hareruya2.com/product/20960,50,基本悪エネルギー:後,2022-12-24,2022-12-24 07:07:29,0
hareruya2,https://www.hareruya2.com/product/13427,100,基本悪エネルギー(C,2022-12-24,2022-12-24 07:07:29,0
