market,link,price,name,date,datetime,stock
cardrush,https://www.cardrush-pokemon.jp/product/37494,30,クサイハナ002/0,2022-12-15,2022-12-15 09:41:51,183
