market,link,price,name,date,datetime,stock
hareruya2,https://www.hareruya2.com/product/23435,50,グライオン:ミラー(,2022-11-29,2022-11-29 07:51:19,43
hareruya2,https://www.hareruya2.com/product/23375,50,グライオン(U){闘,2022-11-29,2022-11-29 07:51:19,35
