market,link,price,name,date,datetime,stock
cardrush,https://www.cardrush-pokemon.jp/product/35263,30,グライオン039/0,2023-01-09,2023-01-09 08:15:33,148
cardrush,https://www.cardrush-pokemon.jp/product/35323,50,グライオン039/0,2023-01-09,2023-01-09 08:15:33,101
