market,link,price,name,date,datetime,stock
hareruya2,https://www.hareruya2.com/product/26168,150,こだわりベルト(CP,2023-01-05,2023-01-05 10:52:42,0
hareruya2,https://www.hareruya2.com/product/26262,150,こだわりベルト:ミラ,2023-01-05,2023-01-05 10:52:42,0
