market,link,price,name,date,datetime,stock
magi,/items/2136240454,100,ゾロア 090/17,2022-12-24,2022-12-24 10:31:08,1
