market,link,price,name,date,datetime,stock
cardrush,https://www.cardrush-pokemon.jp/product/23429,30,ゴルーグ187/41,2022-12-27,2022-12-27 06:27:32,7
