market,link,price,name,date,datetime,stock
magi,/items/8919944,100,ペロリーム C 04,2022-12-16,2022-12-16 09:05:23,1
magi,/items/141433009,100,ペロリーム C 04,2022-12-16,2022-12-16 09:05:23,1
magi,/items/897732941,100,ペロッパフ★進化ライ,2022-12-16,2022-12-16 09:05:23,1
magi,/items/324075781,25,1枚25円 s11 ,2022-12-16,2022-12-16 09:05:23,1
