market,link,price,name,date,datetime,stock
hareruya2,https://www.hareruya2.com/product/21816,50,エビワラー(D){闘,2023-01-03,2023-01-03 06:36:05,59
