market,link,price,name,date,datetime,stock
torecolo,/shop/g/g291-414-SI-B/,33,【ポケカ】ＳＳ◇ガラ,2022-12-30,2022-12-30 06:44:13,3
