market,link,price,name,date,datetime,stock
hareruya2,https://www.hareruya2.com/product/23050,50,ベロベルト(U){無,2023-01-07,2023-01-07 08:45:32,39
