market,link,price,name,date,datetime,stock
torecolo,/shop/g/g082-098-S12-B/,33,【ポケカ】Ｃ◇アーケ,2022-12-17,2022-12-17 10:02:01,16
