market,link,price,name,date,datetime,stock
cardrush,https://www.cardrush-pokemon.jp/product/36255,80,ミミッキュ050/1,2022-12-17,2022-12-17 09:17:29,101
