market,link,price,name,date,datetime,stock
hareruya2,https://www.hareruya2.com/product/26359,1800,ゼラオラVSTAR(,2022-12-23,2022-12-23 11:13:58,0
