market,link,price,name,date,datetime,stock
torecolo,/shop/g/g065-100-S9-B/,14,【ポケカ】Ｃ◇ミカル,2022-12-03,2022-12-03 07:04:42,6
