market,link,price,name,date,datetime,stock
hareruya2,https://www.hareruya2.com/product/21556,100,オーロンゲ:ミラー(,2022-12-05,2022-12-05 06:37:53,28
hareruya2,https://www.hareruya2.com/product/21883,50,オーロンゲ(D){悪,2022-12-05,2022-12-05 06:37:53,6
