market,link,price,name,date,datetime,stock
cardrush,https://www.cardrush-pokemon.jp/product/36912,120,アローラロコンVST,2022-12-18,2022-12-18 09:25:57,54
cardrush,https://www.cardrush-pokemon.jp/product/37149,50,アローラロコンVST,2022-12-18,2022-12-18 09:25:57,0
cardrush,https://www.cardrush-pokemon.jp/product/37045,110,アローラロコンVST,2022-12-18,2022-12-18 09:25:57,0
