market,link,price,name,date,datetime,stock
hareruya2,https://www.hareruya2.com/product/23091,900,カイリキーVMAX(,2022-12-23,2022-12-23 09:02:39,3
