market,link,price,name,date,datetime,stock
magi,/items/912789669,130,【特価】ヒスイドレデ,2022-11-09,2022-11-09 08:38:29,1
magi,/items/91830516,100,ヒスイドレディア R,2022-11-09,2022-11-09 08:38:29,1
magi,/items/1503610706,120,s10D ヒスイドレ,2022-11-09,2022-11-09 08:38:29,1
