market,link,price,name,date,datetime,stock
hareruya2,https://www.hareruya2.com/product/21614,100,フシギバナV(D){,2022-11-24,2022-11-24 06:00:50,2
