market,link,price,name,date,datetime,stock
torecolo,/shop/g/g043-067-S10P-B/,77,【ポケカ】Ｒ◇ヒスイ,2022-12-18,2022-12-18 08:38:20,2
