market,link,price,name,date,datetime,stock
cardrush,https://www.cardrush-pokemon.jp/product/33670,80,サナ016/020,2022-11-08,2022-11-08 07:36:43,120
