market,link,price,name,date,datetime,stock
torecolo,/shop/g/g020-030-SK-B/,330,【ポケカ】ＳＳ◇大き,2023-01-02,2023-01-02 07:34:07,6
