market,link,price,name,date,datetime,stock
torecolo,/shop/g/g124-098-S12-B/,2200,【ポケカ】ＵＲ◇葉隠,2022-10-31,2022-10-31 10:55:29,0
