market,link,price,name,date,datetime,stock
torecolo,/shop/g/g068-100-S9-B/,11,【ポケカ】Ｕ◇ヒード,2022-11-11,2022-11-11 07:06:14,21
