market,link,price,name,date,datetime,stock
magi,/items/875191642,174,No.111 P屋　,2023-01-11,2023-01-11 09:43:57,1
magi,/items/945114974,200,Vガードエネルギー(,2023-01-11,2023-01-11 09:43:57,1
magi,/items/1467096338,100,Vガードエネルギー ,2023-01-11,2023-01-11 09:43:57,1
magi,/items/1614784618,180,Vガードエネルギー ,2023-01-11,2023-01-11 09:43:57,1
magi,/items/1618396317,100,Vガードエネルギー ,2023-01-11,2023-01-11 09:43:57,1
magi,/items/1052826383,170,Vガードエネルギー ,2023-01-11,2023-01-11 09:43:57,1
magi,/items/1127294005,170,Vガードエネルギー ,2023-01-11,2023-01-11 09:43:57,1
magi,/items/1517809314,170,Vガードエネルギー ,2023-01-11,2023-01-11 09:43:57,1
magi,/items/1472589260,170,Vガードエネルギー ,2023-01-11,2023-01-11 09:43:57,1
magi,/items/997176713,200,Vガードエネルギー ,2023-01-11,2023-01-11 09:43:57,1
magi,/items/1431312716,137,Vガードエネルギー ,2023-01-11,2023-01-11 09:43:57,4
magi,/items/8366408,137,Vガードエネルギー ,2023-01-11,2023-01-11 09:43:57,4
magi,/items/1183103592,799,Vガードエネルギー(,2023-01-11,2023-01-11 09:43:57,1
magi,/items/239271076,1500,Vガードエネルギー ,2023-01-11,2023-01-11 09:43:57,1
magi,/items/1939154857,2880,Vガードエネルギー ,2023-01-11,2023-01-11 09:43:57,1
magi,/items/426395236,600,Vガードエネルギー ,2023-01-11,2023-01-11 09:43:57,1
magi,/items/2065862330,600,Vガードエネルギー ,2023-01-11,2023-01-11 09:43:57,1
magi,/items/1658395589,600,Vガードエネルギー(,2023-01-11,2023-01-11 09:43:57,1
magi,/items/418928254,550,Vガードエネルギー ,2023-01-11,2023-01-11 09:43:57,1
magi,/items/1725693605,800,Vガードエネルギー(,2023-01-11,2023-01-11 09:43:57,1
magi,/items/879211577,190,Vガードエネルギー:,2023-01-11,2023-01-11 09:43:57,1
magi,/items/1498121183,399,Vガードエネルギー(,2023-01-11,2023-01-11 09:43:57,1
magi,/items/100164083,1000,Vガードエネルギー ,2023-01-11,2023-01-11 09:43:57,1
magi,/items/1887305026,1000,ダブルターボエネルギ,2023-01-11,2023-01-11 09:43:57,1
magi,/items/744101021,3333,Vガードエネルギー ,2023-01-11,2023-01-11 09:43:57,1
magi,/items/928713914,2280,Vガードエネルギー ,2023-01-11,2023-01-11 09:43:57,1
magi,/items/2130449468,680,Vガードエネルギー ,2023-01-11,2023-01-11 09:43:57,1
magi,/items/1901500957,3600,Vガードエネルギー ,2023-01-11,2023-01-11 09:43:57,1
