market,link,price,name,date,datetime,stock
magi,/items/73072612,120,ワシボン【C】{08,2022-12-14,2022-12-14 09:48:47,1
magi,/items/544636722,25,1枚25円 s12 ,2022-12-14,2022-12-14 09:48:47,1
