market,link,price,name,date,datetime,stock
torecolo,/shop/g/g001-021-SLL-R/,33,【ポケカ】ＳＳ◇スト,2022-12-29,2022-12-29 07:55:15,6
