market,link,price,name,date,datetime,stock
cardrush,https://www.cardrush-pokemon.jp/product/33616,50,カバルドン042/0,2022-11-06,2022-11-06 14:54:56,168
cardrush,https://www.cardrush-pokemon.jp/product/33562,30,カバルドン042/0,2022-11-06,2022-11-06 14:54:56,156
