market,link,price,name,date,datetime,stock
cardrush,https://www.cardrush-pokemon.jp/product/38146,30,パンプジン062/1,2022-12-31,2022-12-31 10:33:31,141
cardrush,https://www.cardrush-pokemon.jp/product/38284,50,パンプジン062/1,2022-12-31,2022-12-31 10:33:31,22
cardrush,https://www.cardrush-pokemon.jp/product/38558,40,パンプジン062/1,2022-12-31,2022-12-31 10:33:31,0
