market,link,price,name,date,datetime,stock
cardrush,https://www.cardrush-pokemon.jp/product/38146,30,パンプジン062/1,2022-12-21,2022-12-21 10:17:51,145
cardrush,https://www.cardrush-pokemon.jp/product/38284,50,パンプジン062/1,2022-12-21,2022-12-21 10:17:51,30
cardrush,https://www.cardrush-pokemon.jp/product/38558,40,パンプジン062/1,2022-12-21,2022-12-21 10:17:51,0
