market,link,price,name,date,datetime,stock
cardrush,https://www.cardrush-pokemon.jp/product/7087,5980,モルペコ032/S-,2022-11-24,2022-11-24 10:22:33,0
cardrush,https://www.cardrush-pokemon.jp/product/29788,5080,モルペコ032/S-,2022-11-24,2022-11-24 10:22:33,0
cardrush,https://www.cardrush-pokemon.jp/product/16257,2180,モルペコ032/S-,2022-11-24,2022-11-24 10:22:33,0
cardrush,https://www.cardrush-pokemon.jp/product/8613,3280,モルペコ032/S-,2022-11-24,2022-11-24 10:22:33,0
