market,link,price,name,date,datetime,stock
hareruya2,https://www.hareruya2.com/product/22174,50,キノココ(C){草},2022-11-24,2022-11-24 06:56:45,40
