market,link,price,name,date,datetime,stock
hareruya2,https://www.hareruya2.com/product/22174,50,キノココ(C){草},2022-12-11,2022-12-11 07:13:56,40
