market,link,price,name,date,datetime,stock
torecolo,/shop/g/g113-098-S12-B/,22000,【ポケカ】ＳＲ◇スズ,2022-12-27,2022-12-27 10:07:19,0
