market,link,price,name,date,datetime,stock
magi,/items/1302621125,250,ポケカ　ジーランス　,2022-12-01,2022-12-01 07:23:33,1
magi,/items/1681759598,100,ジーランス U 04,2022-12-01,2022-12-01 07:23:33,1
magi,/items/884520821,100,ジーランス U 04,2022-12-01,2022-12-01 07:23:33,1
magi,/items/714773445,120,ジーランス U 04,2022-12-01,2022-12-01 07:23:33,1
hareruya2,https://www.hareruya2.com/product/22751,50,ジーランス:ミラー(,2022-12-01,2022-12-01 07:23:32,40
hareruya2,https://www.hareruya2.com/product/22697,50,ジーランス(U){闘,2022-12-01,2022-12-01 07:23:32,33
cardrush,https://www.cardrush-pokemon.jp/product/33560,30,ジーランス040/0,2022-12-01,2022-12-01 07:23:31,144
cardrush,https://www.cardrush-pokemon.jp/product/33614,50,ジーランス040/0,2022-12-01,2022-12-01 07:23:31,150
torecolo,/shop/g/g040-067-S9A-BM/,24,【ポケカ】Ｕ）ミラー,2022-12-01,2022-12-01 07:23:29,6
torecolo,/shop/g/g040-067-S9A-B/,2,【ポケカ】Ｕ）通常仕,2022-12-01,2022-12-01 07:23:29,9
magi,/items/1302621125,250,ポケカ　ジーランス　,2022-11-30,2022-11-30 07:24:22,1
magi,/items/884520821,100,ジーランス U 04,2022-11-30,2022-11-30 07:24:22,1
magi,/items/1681759598,100,ジーランス U 04,2022-11-30,2022-11-30 07:24:22,1
magi,/items/714773445,120,ジーランス U 04,2022-11-30,2022-11-30 07:24:22,1
hareruya2,https://www.hareruya2.com/product/22697,50,ジーランス(U){闘,2022-11-30,2022-11-30 07:24:21,33
hareruya2,https://www.hareruya2.com/product/22751,50,ジーランス:ミラー(,2022-11-30,2022-11-30 07:24:21,40
cardrush,https://www.cardrush-pokemon.jp/product/33560,30,ジーランス040/0,2022-11-30,2022-11-30 07:24:19,144
cardrush,https://www.cardrush-pokemon.jp/product/33614,50,ジーランス040/0,2022-11-30,2022-11-30 07:24:19,150
torecolo,/shop/g/g040-067-S9A-BM/,24,【ポケカ】Ｕ）ミラー,2022-11-30,2022-11-30 07:24:17,6
torecolo,/shop/g/g040-067-S9A-B/,2,【ポケカ】Ｕ）通常仕,2022-11-30,2022-11-30 07:24:17,9
magi,/items/884520821,100,ジーランス U 04,2022-11-29,2022-11-29 07:24:36,1
magi,/items/1302621125,250,ポケカ　ジーランス　,2022-11-29,2022-11-29 07:24:36,1
magi,/items/1681759598,100,ジーランス U 04,2022-11-29,2022-11-29 07:24:36,1
magi,/items/714773445,120,ジーランス U 04,2022-11-29,2022-11-29 07:24:36,1
hareruya2,https://www.hareruya2.com/product/22697,50,ジーランス(U){闘,2022-11-29,2022-11-29 07:24:34,33
hareruya2,https://www.hareruya2.com/product/22751,50,ジーランス:ミラー(,2022-11-29,2022-11-29 07:24:34,40
cardrush,https://www.cardrush-pokemon.jp/product/33614,50,ジーランス040/0,2022-11-29,2022-11-29 07:24:33,150
cardrush,https://www.cardrush-pokemon.jp/product/33560,30,ジーランス040/0,2022-11-29,2022-11-29 07:24:33,144
torecolo,/shop/g/g040-067-S9A-B/,2,【ポケカ】Ｕ）通常仕,2022-11-29,2022-11-29 07:24:31,9
torecolo,/shop/g/g040-067-S9A-BM/,24,【ポケカ】Ｕ）ミラー,2022-11-29,2022-11-29 07:24:31,6
magi,/items/884520821,100,ジーランス U 04,2022-11-28,2022-11-28 07:22:34,1
magi,/items/1302621125,250,ポケカ　ジーランス　,2022-11-28,2022-11-28 07:22:34,1
magi,/items/1681759598,100,ジーランス U 04,2022-11-28,2022-11-28 07:22:34,1
hareruya2,https://www.hareruya2.com/product/22751,50,ジーランス:ミラー(,2022-11-28,2022-11-28 07:22:33,40
hareruya2,https://www.hareruya2.com/product/22697,50,ジーランス(U){闘,2022-11-28,2022-11-28 07:22:33,33
cardrush,https://www.cardrush-pokemon.jp/product/33614,50,ジーランス040/0,2022-11-28,2022-11-28 07:22:31,150
cardrush,https://www.cardrush-pokemon.jp/product/33560,30,ジーランス040/0,2022-11-28,2022-11-28 07:22:31,144
torecolo,/shop/g/g040-067-S9A-BM/,24,【ポケカ】Ｕ）ミラー,2022-11-28,2022-11-28 07:22:29,6
torecolo,/shop/g/g040-067-S9A-B/,2,【ポケカ】Ｕ）通常仕,2022-11-28,2022-11-28 07:22:29,9
magi,/items/1302621125,250,ポケカ　ジーランス　,2022-11-27,2022-11-27 07:22:49,1
magi,/items/1681759598,100,ジーランス U 04,2022-11-27,2022-11-27 07:22:49,1
magi,/items/884520821,100,ジーランス U 04,2022-11-27,2022-11-27 07:22:49,1
hareruya2,https://www.hareruya2.com/product/22697,50,ジーランス(U){闘,2022-11-27,2022-11-27 07:22:48,33
hareruya2,https://www.hareruya2.com/product/22751,50,ジーランス:ミラー(,2022-11-27,2022-11-27 07:22:48,40
cardrush,https://www.cardrush-pokemon.jp/product/33560,30,ジーランス040/0,2022-11-27,2022-11-27 07:22:46,144
cardrush,https://www.cardrush-pokemon.jp/product/33614,50,ジーランス040/0,2022-11-27,2022-11-27 07:22:46,150
torecolo,/shop/g/g040-067-S9A-BM/,24,【ポケカ】Ｕ）ミラー,2022-11-27,2022-11-27 07:22:44,6
torecolo,/shop/g/g040-067-S9A-B/,2,【ポケカ】Ｕ）通常仕,2022-11-27,2022-11-27 07:22:44,9
magi,/items/1302621125,250,ポケカ　ジーランス　,2022-11-26,2022-11-26 07:26:56,1
magi,/items/1681759598,100,ジーランス U 04,2022-11-26,2022-11-26 07:26:56,1
magi,/items/884520821,100,ジーランス U 04,2022-11-26,2022-11-26 07:26:56,1
hareruya2,https://www.hareruya2.com/product/22751,50,ジーランス:ミラー(,2022-11-26,2022-11-26 07:26:55,40
hareruya2,https://www.hareruya2.com/product/22697,50,ジーランス(U){闘,2022-11-26,2022-11-26 07:26:55,33
cardrush,https://www.cardrush-pokemon.jp/product/33614,50,ジーランス040/0,2022-11-26,2022-11-26 07:26:53,150
cardrush,https://www.cardrush-pokemon.jp/product/33560,30,ジーランス040/0,2022-11-26,2022-11-26 07:26:53,144
torecolo,/shop/g/g040-067-S9A-BM/,24,【ポケカ】Ｕ）ミラー,2022-11-26,2022-11-26 07:26:51,6
torecolo,/shop/g/g040-067-S9A-B/,2,【ポケカ】Ｕ）通常仕,2022-11-26,2022-11-26 07:26:51,9
magi,/items/1302621125,250,ポケカ　ジーランス　,2022-11-25,2022-11-25 07:21:04,1
magi,/items/884520821,100,ジーランス U 04,2022-11-25,2022-11-25 07:21:04,1
magi,/items/1681759598,100,ジーランス U 04,2022-11-25,2022-11-25 07:21:04,1
hareruya2,https://www.hareruya2.com/product/22751,100,ジーランス:ミラー(,2022-11-25,2022-11-25 07:21:03,40
hareruya2,https://www.hareruya2.com/product/22697,50,ジーランス(U){闘,2022-11-25,2022-11-25 07:21:03,33
cardrush,https://www.cardrush-pokemon.jp/product/33560,30,ジーランス040/0,2022-11-25,2022-11-25 07:21:02,144
cardrush,https://www.cardrush-pokemon.jp/product/33614,50,ジーランス040/0,2022-11-25,2022-11-25 07:21:02,150
torecolo,/shop/g/g040-067-S9A-B/,2,【ポケカ】Ｕ）通常仕,2022-11-25,2022-11-25 07:21:00,9
torecolo,/shop/g/g040-067-S9A-BM/,24,【ポケカ】Ｕ）ミラー,2022-11-25,2022-11-25 07:21:00,6
magi,/items/1681759598,100,ジーランス U 04,2022-11-24,2022-11-24 07:24:31,1
magi,/items/884520821,100,ジーランス U 04,2022-11-24,2022-11-24 07:24:31,1
magi,/items/1302621125,250,ポケカ　ジーランス　,2022-11-24,2022-11-24 07:24:31,1
hareruya2,https://www.hareruya2.com/product/22697,50,ジーランス(U){闘,2022-11-24,2022-11-24 07:24:29,33
hareruya2,https://www.hareruya2.com/product/22751,100,ジーランス:ミラー(,2022-11-24,2022-11-24 07:24:29,40
cardrush,https://www.cardrush-pokemon.jp/product/33560,30,ジーランス040/0,2022-11-24,2022-11-24 07:24:28,144
cardrush,https://www.cardrush-pokemon.jp/product/33614,50,ジーランス040/0,2022-11-24,2022-11-24 07:24:28,150
torecolo,/shop/g/g040-067-S9A-B/,2,【ポケカ】Ｕ）通常仕,2022-11-24,2022-11-24 07:24:26,9
torecolo,/shop/g/g040-067-S9A-BM/,24,【ポケカ】Ｕ）ミラー,2022-11-24,2022-11-24 07:24:26,6
