market,link,price,name,date,datetime,stock
cardrush,https://www.cardrush-pokemon.jp/product/23520,50,デルビル261/41,2023-01-01,2023-01-01 06:42:10,0
