market,link,price,name,date,datetime,stock
torecolo,/shop/g/g033-067-S9A-BM/,28,【ポケカ】Ｃ）ミラー,2022-12-11,2022-12-11 07:38:36,0
torecolo,/shop/g/g033-067-S9A-B/,3,【ポケカ】Ｃ）通常仕,2022-12-11,2022-12-11 07:38:36,4
