market,link,price,name,date,datetime,stock
cardrush,https://www.cardrush-pokemon.jp/product/24338,120,ミノマダム066/1,2022-12-10,2022-12-10 07:18:06,479
