market,link,price,name,date,datetime,stock
hareruya2,https://www.hareruya2.com/product/23071,350,ラベン博士(PROM,2023-01-09,2023-01-09 12:32:30,19
