market,link,price,name,date,datetime,stock
hareruya2,https://www.hareruya2.com/product/21459,100,トロピウス:ミラー(,2022-12-15,2022-12-15 06:02:22,33
hareruya2,https://www.hareruya2.com/product/21626,50,トロピウス(D){草,2022-12-15,2022-12-15 06:02:22,13
