market,link,price,name,date,datetime,stock
hareruya2,https://www.hareruya2.com/product/23748,100,ヤドラン(U){水},2023-01-11,2023-01-11 08:25:17,5
