market,link,price,name,date,datetime,stock
cardrush,https://www.cardrush-pokemon.jp/product/34628,30,フワライド027/0,2022-12-22,2022-12-22 09:02:40,64
