market,link,price,name,date,datetime,stock
hareruya2,https://www.hareruya2.com/product/23392,150,ヒスイヌメルゴンV(,2022-12-27,2022-12-27 08:21:13,176
