market,link,price,name,date,datetime,stock
hareruya2,https://www.hareruya2.com/product/23392,150,ヒスイヌメルゴンV(,2022-12-06,2022-12-06 09:13:12,162
