market,link,price,name,date,datetime,stock
cardrush,https://www.cardrush-pokemon.jp/product/38201,80,メタモン117/17,2022-12-28,2022-12-28 10:52:29,533
