market,link,price,name,date,datetime,stock
hareruya2,https://www.hareruya2.com/product/17373,20000,イエッサンV(PRO,2022-12-07,2022-12-07 11:48:05,1
