market,link,price,name,date,datetime,stock
hareruya2,https://www.hareruya2.com/product/17373,23000,イエッサンV(PRO,2023-01-02,2023-01-02 11:44:09,2
