market,link,price,name,date,datetime,stock
cardrush,https://www.cardrush-pokemon.jp/product/34725,30,ガチグマ057/06,2022-11-11,2022-11-11 08:26:58,64
