market,link,price,name,date,datetime,stock
magi,/items/1787368019,180,きんきゅうゼリー U,2022-12-01,2022-12-01 09:21:19,1
magi,/items/11112368,100,きんきゅうゼリー U,2022-12-01,2022-12-01 09:21:19,1
magi,/items/584006813,155,きんきゅうゼリー(ミ,2022-12-01,2022-12-01 09:21:19,1
magi,/items/1335163965,70,きんきゅうゼリー U,2022-12-01,2022-12-01 09:21:19,4
magi,/items/1337339430,100,きんきゅうゼリー U,2022-12-01,2022-12-01 09:21:19,1
magi,/items/1915761906,180,きんきゅうゼリー U,2022-12-01,2022-12-01 09:21:19,1
magi,/items/968231077,100,きんきゅうゼリー U,2022-12-01,2022-12-01 09:21:19,1
magi,/items/1774438849,100,きんきゅうゼリー U,2022-12-01,2022-12-01 09:21:19,1
magi,/items/946263673,100,きんきゅうゼリー U,2022-12-01,2022-12-01 09:21:19,1
magi,/items/1577585198,50,きんきゅうゼリー U,2022-12-01,2022-12-01 09:21:19,4
magi,/items/2071527583,50,きんきゅうゼリー U,2022-12-01,2022-12-01 09:21:19,4
magi,/items/294593971,50,きんきゅうゼリー U,2022-12-01,2022-12-01 09:21:19,4
magi,/items/1654616921,75,きんきゅうゼリー(ミ,2022-12-01,2022-12-01 09:21:19,4
magi,/items/1174747241,600,きんきゅうゼリー U,2022-12-01,2022-12-01 09:21:19,1
magi,/items/217439280,100,きんきゅうゼリー U,2022-12-01,2022-12-01 09:21:19,1
magi,/items/1733984515,250,きんきゅうゼリー U,2022-12-01,2022-12-01 09:21:19,1
magi,/items/369590823,33,きんきゅうゼリー U,2022-12-01,2022-12-01 09:21:19,3
magi,/items/628645571,180,きんきゅうゼリー U,2022-12-01,2022-12-01 09:21:19,1
magi,/items/1547137255,200,きんきゅうゼリー U,2022-12-01,2022-12-01 09:21:19,1
magi,/items/226671655,100,一枚２５円 きんきゅ,2022-12-01,2022-12-01 09:21:19,1
magi,/items/302867501,58,きんきゅうゼリー U,2022-12-01,2022-12-01 09:21:19,6
magi,/items/1547391133,30,きんきゅうゼリー U,2022-12-01,2022-12-01 09:21:19,4
magi,/items/694843471,100,きんきゅうゼリー U,2022-12-01,2022-12-01 09:21:19,1
magi,/items/497079905,99,きんきゅうゼリー(ミ,2022-12-01,2022-12-01 09:21:19,4
magi,/items/532971513,190,きんきゅうゼリー U,2022-12-01,2022-12-01 09:21:19,1
magi,/items/1040632902,100,きんきゅうゼリー U,2022-12-01,2022-12-01 09:21:19,1
magi,/items/367304456,225,きんきゅうゼリー/U,2022-12-01,2022-12-01 09:21:19,1
magi,/items/1001025952,225,きんきゅうゼリー/U,2022-12-01,2022-12-01 09:21:19,1
magi,/items/2127564150,225,きんきゅうゼリー/U,2022-12-01,2022-12-01 09:21:19,1
magi,/items/639793511,400,きんきゅうゼリー U,2022-12-01,2022-12-01 09:21:19,1
magi,/items/1113467985,100,きんきゅうゼリー U,2022-12-01,2022-12-01 09:21:19,1
magi,/items/412868700,100,きんきゅうゼリー U,2022-12-01,2022-12-01 09:21:19,1
magi,/items/499752479,40,1枚40円 きんきゅ,2022-12-01,2022-12-01 09:21:19,1
magi,/items/1604401440,200,きんきゅうゼリー(ミ,2022-12-01,2022-12-01 09:21:19,1
