market,link,price,name,date,datetime,stock
cardrush,https://www.cardrush-pokemon.jp/product/24620,80,パルスワン005/0,2022-12-25,2022-12-25 07:34:41,201
