market,link,price,name,date,datetime,stock
magi,/items/1819858560,25,1枚25円 博士の研,2023-01-09,2023-01-09 07:06:58,1
magi,/items/1107591926,100,博士の研究[ナナカマ,2023-01-09,2023-01-09 07:06:58,1
magi,/items/381268073,150,博士の研究[ナナカマ,2023-01-09,2023-01-09 07:06:58,1
magi,/items/1532956530,36,博士の研究[ナナカマ,2023-01-09,2023-01-09 07:06:58,3
magi,/items/1202599201,100,博士の研究[ナナカマ,2023-01-09,2023-01-09 07:06:58,1
magi,/items/511309575,100,博士の研究[ナナカマ,2023-01-09,2023-01-09 07:06:58,1
magi,/items/1590804163,100,博士の研究[ナナカマ,2023-01-09,2023-01-09 07:06:58,1
magi,/items/1061835119,100,博士の研究[ナナカマ,2023-01-09,2023-01-09 07:06:58,1
magi,/items/2117124727,100,博士の研究[ナナカマ,2023-01-09,2023-01-09 07:06:58,1
magi,/items/101394213,100,博士の研究[ナナカマ,2023-01-09,2023-01-09 07:06:58,1
magi,/items/1430511462,100,博士の研究[ナナカマ,2023-01-09,2023-01-09 07:06:58,1
magi,/items/1265695427,100,博士の研究[ナナカマ,2023-01-09,2023-01-09 07:06:58,1
magi,/items/1060334263,100,博士の研究[ナナカマ,2023-01-09,2023-01-09 07:06:58,1
magi,/items/1053618914,100,博士の研究[ナナカマ,2023-01-09,2023-01-09 07:06:58,1
magi,/items/1865060894,100,博士の研究[ナナカマ,2023-01-09,2023-01-09 07:06:58,1
magi,/items/2133739960,100,博士の研究[ナナカマ,2023-01-09,2023-01-09 07:06:58,1
magi,/items/286910600,100,博士の研究[ナナカマ,2023-01-09,2023-01-09 07:06:58,1
magi,/items/1838991163,100,博士の研究[ナナカマ,2023-01-09,2023-01-09 07:06:58,1
magi,/items/1631808031,150,博士の研究[ナナカマ,2023-01-09,2023-01-09 07:06:58,1
magi,/items/1216257352,100,博士の研究[ナナカマ,2023-01-09,2023-01-09 07:06:58,1
magi,/items/976124472,100,博士の研究[ナナカマ,2023-01-09,2023-01-09 07:06:58,1
magi,/items/1085483708,100,博士の研究[ナナカマ,2023-01-09,2023-01-09 07:06:58,1
magi,/items/1485374475,100,博士の研究[ナナカマ,2023-01-09,2023-01-09 07:06:58,1
magi,/items/744773344,100,博士の研究[ナナカマ,2023-01-09,2023-01-09 07:06:58,1
magi,/items/1447322759,100,博士の研究[ナナカマ,2023-01-09,2023-01-09 07:06:58,1
magi,/items/1647800644,100,博士の研究[ナナカマ,2023-01-09,2023-01-09 07:06:58,1
magi,/items/1970452454,100,博士の研究[ナナカマ,2023-01-09,2023-01-09 07:06:58,1
magi,/items/1825496023,100,博士の研究[ナナカマ,2023-01-09,2023-01-09 07:06:58,1
magi,/items/172631751,100,博士の研究[ナナカマ,2023-01-09,2023-01-09 07:06:58,1
magi,/items/1244821876,100,博士の研究[ナナカマ,2023-01-09,2023-01-09 07:06:58,1
magi,/items/1282625355,100,博士の研究[ナナカマ,2023-01-09,2023-01-09 07:06:58,1
magi,/items/2042982333,100,博士の研究[ナナカマ,2023-01-09,2023-01-09 07:06:58,1
magi,/items/1710423375,100,博士の研究[ナナカマ,2023-01-09,2023-01-09 07:06:58,1
magi,/items/618344274,100,博士の研究[ナナカマ,2023-01-09,2023-01-09 07:06:58,1
magi,/items/1560666046,100,博士の研究[ナナカマ,2023-01-09,2023-01-09 07:06:58,1
magi,/items/1629643163,100,博士の研究[ナナカマ,2023-01-09,2023-01-09 07:06:58,1
magi,/items/705467476,100,博士の研究[ナナカマ,2023-01-09,2023-01-09 07:06:58,1
magi,/items/1534824432,100,博士の研究[ナナカマ,2023-01-09,2023-01-09 07:06:58,1
magi,/items/1393761155,100,博士の研究[ナナカマ,2023-01-09,2023-01-09 07:06:58,1
magi,/items/2080479352,100,博士の研究[ナナカマ,2023-01-09,2023-01-09 07:06:58,1
magi,/items/656009975,100,博士の研究[ナナカマ,2023-01-09,2023-01-09 07:06:58,1
magi,/items/1096448980,100,博士の研究[ナナカマ,2023-01-09,2023-01-09 07:06:58,1
magi,/items/553214199,100,博士の研究[ナナカマ,2023-01-09,2023-01-09 07:06:58,1
magi,/items/1597813713,200,【セール】博士の研究,2023-01-09,2023-01-09 07:06:58,1
magi,/items/1169469693,18,[6枚セット]博士の,2023-01-09,2023-01-09 07:06:58,6
magi,/items/226024883,25,博士の研究[ナナカマ,2023-01-09,2023-01-09 07:06:58,4
magi,/items/1212777534,25,博士の研究[ナナカマ,2023-01-09,2023-01-09 07:06:58,4
magi,/items/827349575,25,博士の研究[ナナカマ,2023-01-09,2023-01-09 07:06:58,4
magi,/items/1108195518,25,博士の研究[ナナカマ,2023-01-09,2023-01-09 07:06:58,4
magi,/items/525984513,25,博士の研究[ナナカマ,2023-01-09,2023-01-09 07:06:58,4
magi,/items/457102619,25,博士の研究[ナナカマ,2023-01-09,2023-01-09 07:06:58,4
magi,/items/94148516,25,博士の研究[ナナカマ,2023-01-09,2023-01-09 07:06:58,4
magi,/items/2062801781,25,博士の研究[ナナカマ,2023-01-09,2023-01-09 07:06:58,4
magi,/items/387855121,25,博士の研究[ナナカマ,2023-01-09,2023-01-09 07:06:58,4
magi,/items/1368385033,25,博士の研究[ナナカマ,2023-01-09,2023-01-09 07:06:58,4
magi,/items/949035306,25,博士の研究[ナナカマ,2023-01-09,2023-01-09 07:06:58,4
magi,/items/1877669073,25,博士の研究[ナナカマ,2023-01-09,2023-01-09 07:06:58,4
magi,/items/2006583990,25,博士の研究[ナナカマ,2023-01-09,2023-01-09 07:06:58,4
magi,/items/771209157,25,博士の研究[ナナカマ,2023-01-09,2023-01-09 07:06:58,4
magi,/items/867300228,25,博士の研究[ナナカマ,2023-01-09,2023-01-09 07:06:58,4
magi,/items/735000286,100,博士の研究[ナナカマ,2023-01-09,2023-01-09 07:06:58,1
magi,/items/1624685607,120,博士の研究[ナナカマ,2023-01-09,2023-01-09 07:06:58,1
magi,/items/998466734,150,博士の研究[ナナカマ,2023-01-09,2023-01-09 07:06:58,1
magi,/items/1219582292,150,博士の研究[ナナカマ,2023-01-09,2023-01-09 07:06:58,1
magi,/items/774718162,150,博士の研究[ナナカマ,2023-01-09,2023-01-09 07:06:58,1
magi,/items/375643743,150,博士の研究[ナナカマ,2023-01-09,2023-01-09 07:06:58,1
magi,/items/1509405960,100,博士の研究[ナナカマ,2023-01-09,2023-01-09 07:06:58,1
magi,/items/2094985578,100,博士の研究[ナナカマ,2023-01-09,2023-01-09 07:06:58,1
magi,/items/1422130537,100,博士の研究[ナナカマ,2023-01-09,2023-01-09 07:06:58,1
magi,/items/1935916090,100,博士の研究[ナナカマ,2023-01-09,2023-01-09 07:06:58,1
magi,/items/1559438678,45,1枚45円 博士の研,2023-01-09,2023-01-09 07:06:58,1
