market,link,price,name,date,datetime,stock
cardrush,https://www.cardrush-pokemon.jp/product/21174,9480,ウッウロボ182/S,2022-12-22,2022-12-22 12:16:22,44
cardrush,https://www.cardrush-pokemon.jp/product/24644,8680,ウッウロボ182/S,2022-12-22,2022-12-22 12:16:22,19
cardrush,https://www.cardrush-pokemon.jp/product/22298,5980,ウッウロボ182/S,2022-12-22,2022-12-22 12:16:22,0
cardrush,https://www.cardrush-pokemon.jp/product/21922,7980,ウッウロボ182/S,2022-12-22,2022-12-22 12:16:22,0
