market,link,price,name,date,datetime,stock
hareruya2,https://www.hareruya2.com/product/24250,50,スターミー(-){超,2022-11-21,2022-11-21 08:43:04,49
