market,link,price,name,date,datetime,stock
cardrush,https://www.cardrush-pokemon.jp/product/37313,1480,基本鋼エネルギー33,2023-01-01,2023-01-01 12:43:41,5
