market,link,price,name,date,datetime,stock
cardrush,https://www.cardrush-pokemon.jp/product/23474,30,ヒポポタス226/4,2023-01-07,2023-01-07 06:34:49,21
