market,link,price,name,date,datetime,stock
hareruya2,https://www.hareruya2.com/product/24168,50,スリープ(C){超},2022-12-07,2022-12-07 09:15:44,19
