market,link,price,name,date,datetime,stock
torecolo,/shop/g/g065-067-S10P-B/,66,【ポケカ】Ｕ◇ザクロ,2022-11-04,2022-11-04 15:40:46,50
