market,link,price,name,date,datetime,stock
hareruya2,https://www.hareruya2.com/product/25571,150,大地の封印石(R){,2023-01-07,2023-01-07 10:04:02,55
