market,link,price,name,date,datetime,stock
hareruya2,https://www.hareruya2.com/product/21667,50,エンテイ(D){炎},2022-12-24,2022-12-24 06:07:50,36
