market,link,price,name,date,datetime,stock
cardrush,https://www.cardrush-pokemon.jp/product/37550,30,レパルダス058/0,2022-10-28,2022-10-28 11:10:21,158
