market,link,price,name,date,datetime,stock
cardrush,https://www.cardrush-pokemon.jp/product/34706,30,メレシー038/06,2022-11-10,2022-11-10 08:16:29,187
