market,link,price,name,date,datetime,stock
cardrush,https://www.cardrush-pokemon.jp/product/34618,30,コアルヒー017/0,2023-01-09,2023-01-09 08:57:54,72
