market,link,price,name,date,datetime,stock
magi,/items/1618297415,37,【４枚セット）モミ(,2022-12-16,2022-12-16 10:57:22,4
magi,/items/1560895080,250,モミ 163/172,2022-12-16,2022-12-16 10:57:22,1
magi,/items/1688593542,200,モミ 163/172,2022-12-16,2022-12-16 10:57:22,1
magi,/items/1238551898,200,モミ 163/172,2022-12-16,2022-12-16 10:57:22,1
magi,/items/1627706291,100,モミ 163/172,2022-12-16,2022-12-16 10:57:22,1
magi,/items/2022729935,40,1枚40円 s12a,2022-12-16,2022-12-16 10:57:22,1
