market,link,price,name,date,datetime,stock
cardrush,https://www.cardrush-pokemon.jp/product/36292,30,ミミロル087/10,2022-12-17,2022-12-17 09:23:31,152
