market,link,price,name,date,datetime,stock
cardrush,https://www.cardrush-pokemon.jp/product/35240,120,ジバコイルV016/,2022-10-26,2022-10-26 08:59:09,124
cardrush,https://www.cardrush-pokemon.jp/product/35458,50,ジバコイルV016/,2022-10-26,2022-10-26 08:59:09,0
cardrush,https://www.cardrush-pokemon.jp/product/35408,110,ジバコイルV016/,2022-10-26,2022-10-26 08:59:09,0
