market,link,price,name,date,datetime,stock
torecolo,/shop/g/g035-067-S9A-B/,110,【ポケカ】Ｒ◇ディア,2022-11-26,2022-11-26 07:25:59,69
