market,link,price,name,date,datetime,stock
hareruya2,https://www.hareruya2.com/product/24241,50,サナ(-){サポート,2022-11-30,2022-11-30 08:44:16,12
hareruya2,https://www.hareruya2.com/product/24262,50,サナ(-){サポート,2022-11-30,2022-11-30 08:44:16,22
