market,link,price,name,date,datetime,stock
hareruya2,https://www.hareruya2.com/product/24241,50,サナ(-){サポート,2023-01-03,2023-01-03 09:13:48,12
hareruya2,https://www.hareruya2.com/product/24262,50,サナ(-){サポート,2023-01-03,2023-01-03 09:13:48,23
