market,link,price,name,date,datetime,stock
cardrush,https://www.cardrush-pokemon.jp/product/35766,80,ローブシンV040/,2022-11-21,2022-11-21 08:03:15,953
