market,link,price,name,date,datetime,stock
cardrush,https://www.cardrush-pokemon.jp/product/24619,120,ワンパチ004/02,2023-01-04,2023-01-04 07:34:14,189
cardrush,https://www.cardrush-pokemon.jp/product/33467,110,ワンパチ004/02,2023-01-04,2023-01-04 07:34:14,19
