market,link,price,name,date,datetime,stock
hareruya2,https://www.hareruya2.com/product/24167,50,シビルドン(U){雷,2022-12-25,2022-12-25 09:12:47,38
