market,link,price,name,date,datetime,stock
torecolo,/shop/g/g008-100-S9-B/,55,【ポケカ】Ｒ◇ドダイ,2022-12-28,2022-12-28 07:18:22,24
