market,link,price,name,date,datetime,stock
magi,/items/1983296496,180,ドダイトス R 00,2022-11-09,2022-11-09 06:58:13,1
magi,/items/678934204,100,ドダイトス R 00,2022-11-09,2022-11-09 06:58:13,1
magi,/items/1187383840,298,【特価】ドダイトス ,2022-11-09,2022-11-09 06:58:13,1
magi,/items/1497817780,315,ドダイトス(R){草,2022-11-09,2022-11-09 06:58:13,1
magi,/items/1497188882,53,ドダイトス R 00,2022-11-09,2022-11-09 06:58:13,3
magi,/items/1094937522,40,1枚40円 s9 ド,2022-11-09,2022-11-09 06:58:13,1
