market,link,price,name,date,datetime,stock
hareruya2,https://www.hareruya2.com/product/22246,50,ガブリアス(R){ド,2022-11-29,2022-11-29 07:07:24,98
