market,link,price,name,date,datetime,stock
hareruya2,https://www.hareruya2.com/product/22256,50,チラーミィ(C){無,2023-01-08,2023-01-08 07:32:38,140
