market,link,price,name,date,datetime,stock
hareruya2,https://www.hareruya2.com/product/25554,50,オンバーン(U){ド,2022-11-27,2022-11-27 09:41:53,47
