market,link,price,name,date,datetime,stock
cardrush,https://www.cardrush-pokemon.jp/product/23430,80,ゴルーグV188/4,2022-11-10,2022-11-10 06:24:04,87
cardrush,https://www.cardrush-pokemon.jp/product/33166,70,ゴルーグV188/4,2022-11-10,2022-11-10 06:24:04,0
