market,link,price,name,date,datetime,stock
hareruya2,https://www.hareruya2.com/product/24196,50,ワルビアル(R){悪,2022-12-23,2022-12-23 09:17:30,38
