market,link,price,name,date,datetime,stock
hareruya2,https://www.hareruya2.com/product/26379,4000,セキ(SAR){サポ,2022-12-05,2022-12-05 10:55:33,3
