market,link,price,name,date,datetime,stock
cardrush,https://www.cardrush-pokemon.jp/product/23631,120,ヤルキモノ345/4,2022-11-27,2022-11-27 06:44:21,77
