market,link,price,name,date,datetime,stock
torecolo,/shop/g/g001-071-S10B-B/,33,【ポケカ】Ｃ◇フシギ,2023-01-08,2023-01-08 08:32:31,57
