market,link,price,name,date,datetime,stock
hareruya2,https://www.hareruya2.com/product/23474,800,ヒスイマルマインV(,2022-12-16,2022-12-16 08:12:15,3
