market,link,price,name,date,datetime,stock
torecolo,/shop/g/g133-414-SI-B/,55,【ポケカ】ＳＳ◇メリ,2023-01-01,2023-01-01 06:18:55,6
