market,link,price,name,date,datetime,stock
cardrush,https://www.cardrush-pokemon.jp/product/13203,380,基本超エネルギー09,2022-11-14,2022-11-14 10:02:05,5
cardrush,https://www.cardrush-pokemon.jp/product/30105,330,基本超エネルギー09,2022-11-14,2022-11-14 10:02:05,0
cardrush,https://www.cardrush-pokemon.jp/product/15427,120,基本超エネルギー09,2022-11-14,2022-11-14 10:02:05,0
cardrush,https://www.cardrush-pokemon.jp/product/15115,180,基本超エネルギー09,2022-11-14,2022-11-14 10:02:05,0
