market,link,price,name,date,datetime,stock
magi,/items/2141044405,100,スズナ U 095/,2022-12-03,2022-12-03 09:38:24,1
magi,/items/34190706,150,スズナ U 095/,2022-12-03,2022-12-03 09:38:24,1
magi,/items/1468177070,150,スズナ U 095/,2022-12-03,2022-12-03 09:38:24,1
magi,/items/805908687,49,【特価】スズナ U ,2022-12-03,2022-12-03 09:38:24,4
magi,/items/1970530030,180,スズナ U 095/,2022-12-03,2022-12-03 09:38:24,1
magi,/items/218197628,200,スズナ U 095/,2022-12-03,2022-12-03 09:38:24,1
magi,/items/1604845280,100,スズナ U 095/,2022-12-03,2022-12-03 09:38:24,1
magi,/items/147760341,150,スズナ U 095/,2022-12-03,2022-12-03 09:38:24,1
magi,/items/997155615,372,スズナ(U){サポー,2022-12-03,2022-12-03 09:38:24,1
magi,/items/680651229,83,スズナ U 095/,2022-12-03,2022-12-03 09:38:24,3
magi,/items/256328690,300,スズナ U 095/,2022-12-03,2022-12-03 09:38:24,1
magi,/items/1147155068,100,スズナ U 095/,2022-12-03,2022-12-03 09:38:24,1
magi,/items/537344298,110,スズナ U 095/,2022-12-03,2022-12-03 09:38:24,1
magi,/items/2017583360,55,スズナ U 095/,2022-12-03,2022-12-03 09:38:24,2
magi,/items/25996918,100,スズナ U 095/,2022-12-03,2022-12-03 09:38:24,1
magi,/items/1749937031,480,スズナ U 095/,2022-12-03,2022-12-03 09:38:24,1
magi,/items/486593908,200,スズナ U 095/,2022-12-03,2022-12-03 09:38:24,1
magi,/items/1778303085,420,スズナ U 095/,2022-12-03,2022-12-03 09:38:24,1
magi,/items/1369742979,420,スズナ U 095/,2022-12-03,2022-12-03 09:38:24,1
magi,/items/319861454,300,スズナ U 095/,2022-12-03,2022-12-03 09:38:24,1
