market,link,price,name,date,datetime,stock
torecolo,/shop/g/g011-067-S10P-B/,2,【ポケカ】Ｃ◇ポニー,2022-12-08,2022-12-08 08:34:33,13
