market,link,price,name,date,datetime,stock
torecolo,/shop/g/g078-414-SI-B/,88,【ポケカ】ＳＳ◇シェ,2023-01-05,2023-01-05 06:12:48,5
