market,link,price,name,date,datetime,stock
magi,/items/2142719570,663,デオキシスV(-){,2022-11-26,2022-11-26 08:52:08,1
