market,link,price,name,date,datetime,stock
cardrush,https://www.cardrush-pokemon.jp/product/7609,80,ミブリム041/S-,2022-12-29,2022-12-29 11:36:50,89
