market,link,price,name,date,datetime,stock
torecolo,/shop/g/g038-100-S11-B/,11,【ポケカ】Ｃ◇エモン,2022-11-29,2022-11-29 08:53:34,13
