market,link,price,name,date,datetime,stock
hareruya2,https://www.hareruya2.com/product/22753,50,カバルドン:ミラー(,2022-12-19,2022-12-19 07:47:26,40
hareruya2,https://www.hareruya2.com/product/22699,50,カバルドン(U){闘,2022-12-19,2022-12-19 07:47:26,34
