market,link,price,name,date,datetime,stock
magi,/items/449074669,100,おじょうさま SR ,2022-11-11,2022-11-11 09:04:49,1
magi,/items/152168038,100,おじょうさま SR ,2022-11-11,2022-11-11 09:04:49,1
magi,/items/51864269,100,おじょうさま SR ,2022-11-11,2022-11-11 09:04:49,1
magi,/items/1166091212,100,おじょうさま SR ,2022-11-11,2022-11-11 09:04:49,1
magi,/items/1150647887,100,おじょうさま SR ,2022-11-11,2022-11-11 09:04:49,1
magi,/items/133428634,100,おじょうさま SR ,2022-11-11,2022-11-11 09:04:49,1
magi,/items/905113007,100,おじょうさま SR ,2022-11-11,2022-11-11 09:04:49,1
magi,/items/1391119247,100,おじょうさま SR ,2022-11-11,2022-11-11 09:04:49,1
magi,/items/2116523088,100,おじょうさま SR ,2022-11-11,2022-11-11 09:04:49,1
magi,/items/1107982480,100,おじょうさま SR ,2022-11-11,2022-11-11 09:04:49,1
magi,/items/627175870,100,おじょうさま SR ,2022-11-11,2022-11-11 09:04:49,1
magi,/items/2101449301,100,おじょうさま SR ,2022-11-11,2022-11-11 09:04:49,1
magi,/items/1071149491,100,おじょうさま SR ,2022-11-11,2022-11-11 09:04:49,1
magi,/items/420303941,100,おじょうさま SR ,2022-11-11,2022-11-11 09:04:49,1
magi,/items/2008177487,100,おじょうさま SR ,2022-11-11,2022-11-11 09:04:49,1
magi,/items/1130842570,100,おじょうさま SR ,2022-11-11,2022-11-11 09:04:49,1
magi,/items/783534385,100,おじょうさま SR ,2022-11-11,2022-11-11 09:04:49,1
magi,/items/1881791350,100,おじょうさま SR ,2022-11-11,2022-11-11 09:04:49,1
magi,/items/1391929695,100,おじょうさま SR ,2022-11-11,2022-11-11 09:04:49,1
magi,/items/1438646073,100,おじょうさま SR ,2022-11-11,2022-11-11 09:04:49,1
magi,/items/703897111,100,おじょうさま SR ,2022-11-11,2022-11-11 09:04:49,1
magi,/items/1315213749,100,おじょうさま SR ,2022-11-11,2022-11-11 09:04:49,1
magi,/items/267058377,100,おじょうさま SR ,2022-11-11,2022-11-11 09:04:49,1
magi,/items/291864807,100,おじょうさま SR ,2022-11-11,2022-11-11 09:04:49,1
magi,/items/678094642,100,おじょうさま SR ,2022-11-11,2022-11-11 09:04:49,1
magi,/items/291344444,100,おじょうさま SR ,2022-11-11,2022-11-11 09:04:49,1
magi,/items/2091235748,100,おじょうさま SR ,2022-11-11,2022-11-11 09:04:49,1
magi,/items/1040453469,100,おじょうさま SR ,2022-11-11,2022-11-11 09:04:49,1
magi,/items/306059253,100,おじょうさま SR ,2022-11-11,2022-11-11 09:04:49,1
magi,/items/1771422933,100,おじょうさま SR ,2022-11-11,2022-11-11 09:04:49,1
magi,/items/1392229430,100,おじょうさま SR ,2022-11-11,2022-11-11 09:04:49,1
magi,/items/2113945085,100,おじょうさま SR ,2022-11-11,2022-11-11 09:04:49,1
magi,/items/655037618,100,おじょうさま SR ,2022-11-11,2022-11-11 09:04:49,1
magi,/items/625292379,100,おじょうさま SR ,2022-11-11,2022-11-11 09:04:49,1
magi,/items/1685873556,100,おじょうさま SR ,2022-11-11,2022-11-11 09:04:49,1
magi,/items/1716217090,100,おじょうさま SR ,2022-11-11,2022-11-11 09:04:49,1
magi,/items/1774804532,100,おじょうさま SR ,2022-11-11,2022-11-11 09:04:49,1
magi,/items/1897904046,100,おじょうさま SR ,2022-11-11,2022-11-11 09:04:49,1
magi,/items/2144375097,100,おじょうさま SR ,2022-11-11,2022-11-11 09:04:49,1
magi,/items/1278020173,100,おじょうさま SR ,2022-11-11,2022-11-11 09:04:49,1
magi,/items/1884264646,100,おじょうさま SR ,2022-11-11,2022-11-11 09:04:49,1
magi,/items/1597057507,100,おじょうさま SR ,2022-11-11,2022-11-11 09:04:49,1
magi,/items/2104700773,100,おじょうさま SR ,2022-11-11,2022-11-11 09:04:49,1
magi,/items/1526347593,100,おじょうさま SR ,2022-11-11,2022-11-11 09:04:49,1
magi,/items/1412383113,100,おじょうさま SR ,2022-11-11,2022-11-11 09:04:49,1
magi,/items/118710761,100,おじょうさま SR ,2022-11-11,2022-11-11 09:04:49,1
magi,/items/1580862446,100,おじょうさま SR ,2022-11-11,2022-11-11 09:04:49,1
magi,/items/1541269673,100,おじょうさま SR ,2022-11-11,2022-11-11 09:04:49,1
magi,/items/610053444,100,おじょうさま SR ,2022-11-11,2022-11-11 09:04:49,1
magi,/items/1392363037,100,おじょうさま SR ,2022-11-11,2022-11-11 09:04:49,1
magi,/items/1979558945,7999,おじょうさま SR ,2022-11-11,2022-11-11 09:04:49,1
magi,/items/217409487,8500,おじょうさま SR ,2022-11-11,2022-11-11 09:04:49,1
magi,/items/1849754007,10000,おじょうさま SR ,2022-11-11,2022-11-11 09:04:49,1
magi,/items/639544968,10000,おじょうさま SR ,2022-11-11,2022-11-11 09:04:49,1
magi,/items/1370484054,40500,psa10 おじょう,2022-11-11,2022-11-11 09:04:49,1
magi,/items/814251298,39270,値下げおじょうさま ,2022-11-11,2022-11-11 09:04:49,1
magi,/items/517981354,9000,おじょうさま【SR】,2022-11-11,2022-11-11 09:04:49,1
magi,/items/462358021,8999,おじょうさま SR ,2022-11-11,2022-11-11 09:04:49,1
magi,/items/366349978,8904,〔状態A-〕おじょう,2022-11-11,2022-11-11 09:04:49,1
magi,/items/772725883,12500,おじょうさま SR ,2022-11-11,2022-11-11 09:04:49,1
magi,/items/238125387,12500,おじょうさま SR ,2022-11-11,2022-11-11 09:04:49,1
magi,/items/1743604272,11000,おじょうさま | S,2022-11-11,2022-11-11 09:04:49,1
magi,/items/635450726,39000,おじょうさま SR ,2022-11-11,2022-11-11 09:04:49,1
magi,/items/1251741100,9980,おじょうさま SR ,2022-11-11,2022-11-11 09:04:49,1
magi,/items/1157519948,30000,【美品】おじょうさま,2022-11-11,2022-11-11 09:04:49,1
magi,/items/424272681,17800,おじょうさま SR ,2022-11-11,2022-11-11 09:04:49,1
magi,/items/598123051,10800,おじょうさま SR ,2022-11-11,2022-11-11 09:04:49,1
magi,/items/75826671,11499,【美品】おじょうさま,2022-11-11,2022-11-11 09:04:49,1
magi,/items/1990606979,12999,おじょうさま SR ,2022-11-11,2022-11-11 09:04:49,1
magi,/items/765114579,30000,おじょうさま SR ,2022-11-11,2022-11-11 09:04:49,1
magi,/items/471985271,15000,ポケモンカード　おじ,2022-11-11,2022-11-11 09:04:49,1
magi,/items/1659841349,13000,おじょうさま SR ,2022-11-11,2022-11-11 09:04:49,1
