market,link,price,name,date,datetime,stock
torecolo,/shop/g/g114-100-S11-B/,8800,【ポケカ】ＳＲ◇おじ,2022-12-15,2022-12-15 09:18:18,1
