market,link,price,name,date,datetime,stock
hareruya2,https://www.hareruya2.com/product/21644,50,カリキリ(D){草},2023-01-05,2023-01-05 06:05:02,13
