market,link,price,name,date,datetime,stock
torecolo,/shop/g/g404-414-SI-BM/,220,【ポケカ】ＳＳ）ミラ,2022-12-16,2022-12-16 07:03:11,1
torecolo,/shop/g/g404-414-SI-B/,110,【ポケカ】ＳＳ）通常,2022-12-16,2022-12-16 07:03:11,3
