market,link,price,name,date,datetime,stock
hareruya2,https://www.hareruya2.com/product/17578,50,基本草エネルギー:前,2022-12-27,2022-12-27 07:11:16,60
hareruya2,https://www.hareruya2.com/product/15931,50,基本草エネルギー(D,2022-12-27,2022-12-27 07:11:16,12
hareruya2,https://www.hareruya2.com/product/19798,50,基本草エネルギー(-,2022-12-27,2022-12-27 07:11:16,2
hareruya2,https://www.hareruya2.com/product/20597,50,基本草エネルギー:2,2022-12-27,2022-12-27 07:11:16,48
hareruya2,https://www.hareruya2.com/product/17036,150,基本草エネルギー:ミ,2022-12-27,2022-12-27 07:11:16,2
hareruya2,https://www.hareruya2.com/product/21606,100,基本草エネルギー:ミ,2022-12-27,2022-12-27 07:11:16,25
hareruya2,https://www.hareruya2.com/product/21430,50,基本草エネルギー(C,2022-12-27,2022-12-27 07:11:16,19
hareruya2,https://www.hareruya2.com/product/22004,50,基本草エネルギー:後,2022-12-27,2022-12-27 07:11:16,0
hareruya2,https://www.hareruya2.com/product/20963,100,基本草エネルギー(D,2022-12-27,2022-12-27 07:11:16,0
hareruya2,https://www.hareruya2.com/product/20945,50,基本草エネルギー:前,2022-12-27,2022-12-27 07:11:16,0
hareruya2,https://www.hareruya2.com/product/19428,100,基本草エネルギー(C,2022-12-27,2022-12-27 07:11:16,0
hareruya2,https://www.hareruya2.com/product/20936,100,基本草エネルギー:ミ,2022-12-27,2022-12-27 07:11:16,0
hareruya2,https://www.hareruya2.com/product/20954,50,基本草エネルギー:後,2022-12-27,2022-12-27 07:11:16,0
hareruya2,https://www.hareruya2.com/product/2539,2000,基本草エネルギー(C,2022-12-27,2022-12-27 07:11:16,0
hareruya2,https://www.hareruya2.com/product/13208,100,基本草エネルギー(C,2022-12-27,2022-12-27 07:11:16,0
