market,link,price,name,date,datetime,stock
hareruya2,https://www.hareruya2.com/product/23390,50,ヒスイヌメイル(U),2022-12-04,2022-12-04 07:45:08,42
hareruya2,https://www.hareruya2.com/product/23446,100,ヒスイヌメイル:ミラ,2022-12-04,2022-12-04 07:45:08,34
