market,link,price,name,date,datetime,stock
magi,/items/1272252916,150,チェレンの気くばり ,2022-11-30,2022-11-30 07:11:24,1
magi,/items/1466200078,100,チェレンの気くばり ,2022-11-30,2022-11-30 07:11:24,1
magi,/items/248337315,170,チェレンの気くばり ,2022-11-30,2022-11-30 07:11:24,1
magi,/items/1097329307,110,チェレンの気くばり ,2022-11-30,2022-11-30 07:11:24,1
magi,/items/1827547740,100,チェレンの気くばり ,2022-11-30,2022-11-30 07:11:24,1
magi,/items/677604487,220,チェレンの気くばり ,2022-11-30,2022-11-30 07:11:24,1
magi,/items/366177162,100,チェレンの気くばり ,2022-11-30,2022-11-30 07:11:24,1
