market,link,price,name,date,datetime,stock
cardrush,https://www.cardrush-pokemon.jp/product/23561,80,モルペコV290/4,2022-10-30,2022-10-30 13:47:15,182
cardrush,https://www.cardrush-pokemon.jp/product/33233,70,モルペコV290/4,2022-10-30,2022-10-30 13:47:15,0
cardrush,https://www.cardrush-pokemon.jp/product/34551,50,モルペコV290/4,2022-10-30,2022-10-30 13:47:15,0
