market,link,price,name,date,datetime,stock
cardrush,https://www.cardrush-pokemon.jp/product/23470,30,ナックラー222/4,2022-10-27,2022-10-27 12:56:29,0
