market,link,price,name,date,datetime,stock
cardrush,https://www.cardrush-pokemon.jp/product/23487,30,キテルグマ237/4,2023-01-03,2023-01-03 06:38:47,25
