market,link,price,name,date,datetime,stock
magi,/items/1932617344,100,マナフィ 029/1,2023-01-03,2023-01-03 10:18:34,1
magi,/items/1190952376,100,マナフィ 029/1,2023-01-03,2023-01-03 10:18:34,1
magi,/items/666412223,100,マナフィ 029/1,2023-01-03,2023-01-03 10:18:34,1
magi,/items/58471861,33,マナフィ 029/1,2023-01-03,2023-01-03 10:18:34,3
magi,/items/1617955651,150,【特価】マナフィ 0,2023-01-03,2023-01-03 10:18:34,1
magi,/items/117259886,120,マナフィ(ミラー)【,2023-01-03,2023-01-03 10:18:34,1
magi,/items/1236613066,100,マナフィ【-】{02,2023-01-03,2023-01-03 10:18:34,1
magi,/items/1110151527,200,マナフィ【-】{02,2023-01-03,2023-01-03 10:18:34,1
magi,/items/632941745,100,マナフィ 029/1,2023-01-03,2023-01-03 10:18:34,1
magi,/items/1462388152,100,マナフィ 029/1,2023-01-03,2023-01-03 10:18:34,1
magi,/items/139447412,100,マナフィ(ミラー)【,2023-01-03,2023-01-03 10:18:34,1
magi,/items/531407109,187,マナフィ【-】{02,2023-01-03,2023-01-03 10:18:34,1
magi,/items/660008972,100,マナフィ 029/1,2023-01-03,2023-01-03 10:18:34,1
magi,/items/1019804926,100,マナフィ 029/1,2023-01-03,2023-01-03 10:18:34,1
