market,link,price,name,date,datetime,stock
cardrush,https://www.cardrush-pokemon.jp/product/36910,30,エンニュート021/,2022-12-26,2022-12-26 10:08:07,124
cardrush,https://www.cardrush-pokemon.jp/product/36970,50,エンニュート021/,2022-12-26,2022-12-26 10:08:07,86
cardrush,https://www.cardrush-pokemon.jp/product/37184,30,エンニュート021/,2022-12-26,2022-12-26 10:08:07,4
cardrush,https://www.cardrush-pokemon.jp/product/37080,40,エンニュート021/,2022-12-26,2022-12-26 10:08:07,0
