market,link,price,name,date,datetime,stock
hareruya2,https://www.hareruya2.com/product/23797,50,スパーク(U){サポ,2023-01-03,2023-01-03 08:36:51,38
