market,link,price,name,date,datetime,stock
torecolo,/shop/g/g057-067-S9A-BM/,66,【ポケカ】Ｃ）ミラー,2022-11-07,2022-11-07 15:04:07,2
torecolo,/shop/g/g057-067-S9A-B/,2,【ポケカ】Ｃ）通常仕,2022-11-07,2022-11-07 15:04:07,1
