market,link,price,name,date,datetime,stock
torecolo,/shop/g/g145-414-SI-B/,88,【ポケカ】ＳＳ◇エモ,2022-11-01,2022-11-01 09:22:40,0
