market,link,price,name,date,datetime,stock
hareruya2,https://www.hareruya2.com/product/22205,200,ライチュウV(RR),2023-01-07,2023-01-07 07:16:51,143
