market,link,price,name,date,datetime,stock
hareruya2,https://www.hareruya2.com/product/21838,50,トロッゴン(D){闘,2022-12-19,2022-12-19 06:38:10,15
