market,link,price,name,date,datetime,stock
hareruya2,https://www.hareruya2.com/product/22938,100,ヒスイドレディアVS,2022-12-15,2022-12-15 08:45:12,237
