market,link,price,name,date,datetime,stock
torecolo,/shop/g/g171-414-SI-B/,110,【ポケカ】ＳＳ）通常,2022-12-23,2022-12-23 06:27:04,1
torecolo,/shop/g/g171-414-SI-BM/,110,【ポケカ】ＳＳ）ミラ,2022-12-23,2022-12-23 06:27:04,4
