market,link,price,name,date,datetime,stock
torecolo,/shop/g/g004-067-S9A-BM/,77,【ポケカ】Ｃ）ミラー,2022-12-05,2022-12-05 07:17:18,0
torecolo,/shop/g/g004-067-S9A-B/,33,【ポケカ】Ｃ）通常仕,2022-12-05,2022-12-05 07:17:18,0
