market,link,price,name,date,datetime,stock
cardrush,https://www.cardrush-pokemon.jp/product/34681,30,コータス013/06,2022-11-16,2022-11-16 08:17:13,76
