market,link,price,name,date,datetime,stock
cardrush,https://www.cardrush-pokemon.jp/product/35263,30,グライオン039/0,2022-11-21,2022-11-21 07:44:48,150
cardrush,https://www.cardrush-pokemon.jp/product/35323,50,グライオン039/0,2022-11-21,2022-11-21 07:44:48,104
