market,link,price,name,date,datetime,stock
cardrush,https://www.cardrush-pokemon.jp/product/35263,30,グライオン039/0,2022-12-25,2022-12-25 08:11:39,149
cardrush,https://www.cardrush-pokemon.jp/product/35323,50,グライオン039/0,2022-12-25,2022-12-25 08:11:39,101
