market,link,price,name,date,datetime,stock
torecolo,/shop/g/g038-068-S11A-BM/,110,【ポケカ】Ｕ）ミラー,2022-12-03,2022-12-03 09:11:05,7
torecolo,/shop/g/g038-068-S11A-B/,77,【ポケカ】Ｕ）通常仕,2022-12-03,2022-12-03 09:11:05,53
