market,link,price,name,date,datetime,stock
magi,/items/1321728985,180,【特価】ソルロック ,2022-11-17,2022-11-17 08:04:57,1
magi,/items/1471684605,100,ソルロック U 03,2022-11-17,2022-11-17 08:04:57,1
magi,/items/1119330186,100,ソルロック U 03,2022-11-17,2022-11-17 08:04:57,1
magi,/items/898594091,278,ソルロック(U){闘,2022-11-17,2022-11-17 08:04:57,1
magi,/items/1943522242,278,ソルロック(U){闘,2022-11-17,2022-11-17 08:04:57,1
magi,/items/1525069728,240,ソルロック U 03,2022-11-17,2022-11-17 08:04:57,1
magi,/items/631057293,280,ソルロック U 03,2022-11-17,2022-11-17 08:04:57,1
magi,/items/759323877,320,【p8】ソルロック(,2022-11-17,2022-11-17 08:04:57,1
magi,/items/209809503,40,1枚40円 s10b,2022-11-17,2022-11-17 08:04:57,1
