market,link,price,name,date,datetime,stock
magi,/items/690600660,500,トレッキングシューズ,2022-12-30,2022-12-30 09:01:40,1
magi,/items/706116713,500,トレッキングシューズ,2022-12-30,2022-12-30 09:01:40,1
magi,/items/1839334786,500,トレッキングシューズ,2022-12-30,2022-12-30 09:01:40,1
magi,/items/1334419809,500,トレッキングシューズ,2022-12-30,2022-12-30 09:01:40,1
magi,/items/1594094035,99,トレッキングシューズ,2022-12-30,2022-12-30 09:01:40,2
magi,/items/1936727188,696,トレッキングシューズ,2022-12-30,2022-12-30 09:01:40,1
magi,/items/1052649308,500,トレッキングシューズ,2022-12-30,2022-12-30 09:01:40,1
magi,/items/824296154,500,トレッキングシューズ,2022-12-30,2022-12-30 09:01:40,1
magi,/items/591760626,500,トレッキングシューズ,2022-12-30,2022-12-30 09:01:40,1
magi,/items/2112352676,500,トレッキングシューズ,2022-12-30,2022-12-30 09:01:40,1
magi,/items/561035250,500,トレッキングシューズ,2022-12-30,2022-12-30 09:01:40,1
magi,/items/2099063000,500,トレッキングシューズ,2022-12-30,2022-12-30 09:01:40,1
magi,/items/1652099609,500,トレッキングシューズ,2022-12-30,2022-12-30 09:01:40,1
magi,/items/814283472,200,トレッキングシューズ,2022-12-30,2022-12-30 09:01:40,1
magi,/items/1119767665,200,トレッキングシューズ,2022-12-30,2022-12-30 09:01:40,1
magi,/items/1527010248,150,トレッキングシューズ,2022-12-30,2022-12-30 09:01:40,2
magi,/items/1876388037,777,トレッキングシューズ,2022-12-30,2022-12-30 09:01:40,1
magi,/items/1815801256,195,【早い者勝ち】トレッ,2022-12-30,2022-12-30 09:01:40,1
magi,/items/2132678852,500,トレッキングシューズ,2022-12-30,2022-12-30 09:01:40,1
magi,/items/677740995,420,トレッキングシューズ,2022-12-30,2022-12-30 09:01:40,1
magi,/items/1717080203,450,トレッキングシューズ,2022-12-30,2022-12-30 09:01:40,1
magi,/items/1337584729,297,トレッキングシューズ,2022-12-30,2022-12-30 09:01:40,1
magi,/items/1579295644,200,トレッキングシューズ,2022-12-30,2022-12-30 09:01:40,1
magi,/items/1982514755,250,トレッキングシューズ,2022-12-30,2022-12-30 09:01:40,1
magi,/items/1798944735,250,トレッキングシューズ,2022-12-30,2022-12-30 09:01:40,1
magi,/items/1214344278,250,トレッキングシューズ,2022-12-30,2022-12-30 09:01:40,1
magi,/items/556163915,580,トレッキングシューズ,2022-12-30,2022-12-30 09:01:40,1
magi,/items/685290489,1000,トレッキングシューズ,2022-12-30,2022-12-30 09:01:40,1
magi,/items/973998458,750,トレッキングシューズ,2022-12-30,2022-12-30 09:01:40,1
magi,/items/1186651052,750,トレッキングシューズ,2022-12-30,2022-12-30 09:01:40,1
magi,/items/1595983235,1000,トレッキングシューズ,2022-12-30,2022-12-30 09:01:40,1
magi,/items/388723301,300,トレッキングシューズ,2022-12-30,2022-12-30 09:01:40,1
magi,/items/1734431291,300,トレッキングシューズ,2022-12-30,2022-12-30 09:01:40,1
magi,/items/1532617323,1480,トレッキングシューズ,2022-12-30,2022-12-30 09:01:40,1
magi,/items/1702412779,240,【特価】トレッキング,2022-12-30,2022-12-30 09:01:40,1
magi,/items/612917326,300,トレッキングシューズ,2022-12-30,2022-12-30 09:01:40,1
magi,/items/1330640377,1486,トレッキングシューズ,2022-12-30,2022-12-30 09:01:40,1
magi,/items/1129502485,495,トレッキングシューズ,2022-12-30,2022-12-30 09:01:40,2
magi,/items/1408173253,1000,トレッキングシューズ,2022-12-30,2022-12-30 09:01:40,1
magi,/items/571651986,500,トレッキングシューズ,2022-12-30,2022-12-30 09:01:40,1
magi,/items/581884944,900,トレッキングシューズ,2022-12-30,2022-12-30 09:01:40,1
