market,link,price,name,date,datetime,stock
hareruya2,https://www.hareruya2.com/product/21721,100,メッソン(D){水},2022-12-08,2022-12-08 06:17:02,12
