market,link,price,name,date,datetime,stock
hareruya2,https://www.hareruya2.com/product/23369,50,ヒスイウインディ(R,2023-01-09,2023-01-09 08:14:30,212
