market,link,price,name,date,datetime,stock
cardrush,https://www.cardrush-pokemon.jp/product/34625,80,クチート024/06,2022-11-10,2022-11-10 08:25:33,112
