market,link,price,name,date,datetime,stock
torecolo,/shop/g/g062-100-S11-B/,11,【ポケカ】Ｃ◇ルチャ,2023-01-09,2023-01-09 09:22:56,20
