market,link,price,name,date,datetime,stock
cardrush,https://www.cardrush-pokemon.jp/product/23471,30,ビブラーバ223/4,2022-12-04,2022-12-04 06:25:57,0
