market,link,price,name,date,datetime,stock
hareruya2,https://www.hareruya2.com/product/22338,1200,ネオラントV(SR),2022-12-03,2022-12-03 07:08:57,0
