market,link,price,name,date,datetime,stock
hareruya2,https://www.hareruya2.com/product/22338,1000,ネオラントV(SR),2023-01-03,2023-01-03 07:31:06,0
