market,link,price,name,date,datetime,stock
cardrush,https://www.cardrush-pokemon.jp/product/7932,780,マリィ086/S-P,2023-01-03,2023-01-03 11:52:53,22
cardrush,https://www.cardrush-pokemon.jp/product/30043,680,マリィ086/S-P,2023-01-03,2023-01-03 11:52:53,6
cardrush,https://www.cardrush-pokemon.jp/product/15373,320,マリィ086/S-P,2023-01-03,2023-01-03 11:52:53,0
cardrush,https://www.cardrush-pokemon.jp/product/9274,480,マリィ086/S-P,2023-01-03,2023-01-03 11:52:53,0
