market,link,price,name,date,datetime,stock
cardrush,https://www.cardrush-pokemon.jp/product/23524,30,ガラルジグザグマ26,2022-11-30,2022-11-30 06:34:38,26
