market,link,price,name,date,datetime,stock
hareruya2,https://www.hareruya2.com/product/25838,150,レベルボール(-){,2023-01-04,2023-01-04 11:33:49,2
