market,link,price,name,date,datetime,stock
torecolo,/shop/g/g030-067-S9A-BM/,88,【ポケカ】Ｃ）ミラー,2022-12-21,2022-12-21 07:41:14,2
torecolo,/shop/g/g030-067-S9A-B/,33,【ポケカ】Ｃ）通常仕,2022-12-21,2022-12-21 07:41:14,2
