market,link,price,name,date,datetime,stock
hareruya2,https://www.hareruya2.com/product/23475,800,ジバコイルV(SR),2022-11-27,2022-11-27 07:55:40,6
