market,link,price,name,date,datetime,stock
hareruya2,https://www.hareruya2.com/product/25563,350,アーケオス(R){無,2022-12-05,2022-12-05 09:34:47,46
