market,link,price,name,date,datetime,stock
cardrush,https://www.cardrush-pokemon.jp/product/24311,30,レントラー039/1,2022-12-06,2022-12-06 08:17:56,0
