market,link,price,name,date,datetime,stock
hareruya2,https://www.hareruya2.com/product/21871,150,レパルダスV(D){,2022-11-22,2022-11-22 06:32:48,4
