market,link,price,name,date,datetime,stock
hareruya2,https://www.hareruya2.com/product/22207,50,エレキブル(U){雷,2022-12-06,2022-12-06 08:17:38,34
