market,link,price,name,date,datetime,stock
torecolo,/shop/g/g026-067-S9A-B/,990,【ポケカ】Ｋ◇かがや,2023-01-04,2023-01-04 07:42:59,11
