market,link,price,name,date,datetime,stock
cardrush,https://www.cardrush-pokemon.jp/product/19879,80,マンタイン023/S,2023-01-09,2023-01-09 11:37:38,15
