market,link,price,name,date,datetime,stock
torecolo,/shop/g/g042-068-S11A-BM/,44,【ポケカ】Ｕ）ミラー,2022-12-14,2022-12-14 09:28:24,0
torecolo,/shop/g/g042-068-S11A-B/,33,【ポケカ】Ｕ）通常仕,2022-12-14,2022-12-14 09:28:24,0
