market,link,price,name,date,datetime,stock
magi,/items/486809346,100,こだわりベルト 14,2022-12-26,2022-12-26 11:32:11,1
magi,/items/1419358682,125,こだわりベルト 14,2022-12-26,2022-12-26 11:32:11,1
magi,/items/657183750,250,こだわりベルト 14,2022-12-26,2022-12-26 11:32:11,1
magi,/items/1956624324,200,こだわりベルト 14,2022-12-26,2022-12-26 11:32:11,1
magi,/items/997329222,230,こだわりベルト 14,2022-12-26,2022-12-26 11:32:11,1
magi,/items/591076319,220,こだわりベルト 14,2022-12-26,2022-12-26 11:32:11,1
magi,/items/1287489119,200,こだわりベルト 14,2022-12-26,2022-12-26 11:32:11,1
magi,/items/1231938994,100,こだわりベルト 14,2022-12-26,2022-12-26 11:32:11,1
magi,/items/972442184,50,こだわりベルト 14,2022-12-26,2022-12-26 11:32:11,4
magi,/items/1097477609,50,【４枚セット】こだわ,2022-12-26,2022-12-26 11:32:11,4
magi,/items/1852979956,200,こだわりベルト 14,2022-12-26,2022-12-26 11:32:11,1
magi,/items/1714855565,300,こだわりベルト 14,2022-12-26,2022-12-26 11:32:11,1
magi,/items/643886625,300,こだわりベルト 14,2022-12-26,2022-12-26 11:32:11,1
magi,/items/139069400,250,こだわりベルト 14,2022-12-26,2022-12-26 11:32:11,1
magi,/items/1846651435,250,こだわりベルト 14,2022-12-26,2022-12-26 11:32:11,1
magi,/items/1335755472,60,こだわりベルト 14,2022-12-26,2022-12-26 11:32:11,4
magi,/items/320286790,60,こだわりベルト 14,2022-12-26,2022-12-26 11:32:11,4
magi,/items/1440462424,210,こだわりベルト 14,2022-12-26,2022-12-26 11:32:11,1
magi,/items/1104054027,157,こだわりベルト【-】,2022-12-26,2022-12-26 11:32:11,1
magi,/items/1616793146,222,s12a こだわりベ,2022-12-26,2022-12-26 11:32:11,1
magi,/items/1363167931,250,こだわりベルト 14,2022-12-26,2022-12-26 11:32:11,1
magi,/items/1190223902,250,こだわりベルト 14,2022-12-26,2022-12-26 11:32:11,1
