market,link,price,name,date,datetime,stock
cardrush,https://www.cardrush-pokemon.jp/product/37552,30,クズモー060/09,2023-01-07,2023-01-07 09:58:18,171
