market,link,price,name,date,datetime,stock
cardrush,https://www.cardrush-pokemon.jp/product/36389,1780,おじょうさま122/,2022-12-23,2022-12-23 09:24:53,19
cardrush,https://www.cardrush-pokemon.jp/product/36448,1530,おじょうさま122/,2022-12-23,2022-12-23 09:24:53,0
cardrush,https://www.cardrush-pokemon.jp/product/36507,1180,おじょうさま122/,2022-12-23,2022-12-23 09:24:53,0
