market,link,price,name,date,datetime,stock
torecolo,/shop/g/g371-414-SI-B/,88,【ポケカ】ＳＳ◇霧の,2022-12-12,2022-12-12 06:56:10,6
