market,link,price,name,date,datetime,stock
torecolo,/shop/g/g011-098-S12-B/,77,【ポケカ】Ｒ◇ギャロ,2023-01-03,2023-01-03 09:54:04,19
