market,link,price,name,date,datetime,stock
hareruya2,https://www.hareruya2.com/product/21704,50,キバニア(D){水},2022-12-16,2022-12-16 06:14:37,36
