market,link,price,name,date,datetime,stock
magi,/items/1007418880,100,パワータブレット 1,2023-01-04,2023-01-04 10:55:10,1
magi,/items/929083174,100,パワータブレット【-,2023-01-04,2023-01-04 10:55:10,1
magi,/items/235830496,200,パワータブレット【-,2023-01-04,2023-01-04 10:55:10,1
magi,/items/983938277,110,パワータブレット 1,2023-01-04,2023-01-04 10:55:10,1
magi,/items/2065107334,120,パワータブレット 1,2023-01-04,2023-01-04 10:55:10,1
magi,/items/2125036677,150,【特価】パワータブレ,2023-01-04,2023-01-04 10:55:10,1
magi,/items/2043650147,150,パワータブレット:ミ,2023-01-04,2023-01-04 10:55:10,1
magi,/items/241733651,150,パワータブレット 1,2023-01-04,2023-01-04 10:55:10,1
magi,/items/1458404887,100,パワータブレット(キ,2023-01-04,2023-01-04 10:55:10,1
magi,/items/1389907918,33,3枚セット　パワータ,2023-01-04,2023-01-04 10:55:10,3
magi,/items/2041856468,100,ポケモンカード　パワ,2023-01-04,2023-01-04 10:55:10,1
magi,/items/753886317,120,パワータブレット 1,2023-01-04,2023-01-04 10:55:10,1
magi,/items/1773698798,150,パワータブレット 1,2023-01-04,2023-01-04 10:55:10,1
magi,/items/523609447,150,パワータブレット 1,2023-01-04,2023-01-04 10:55:10,1
magi,/items/343335279,50,パワータブレット 1,2023-01-04,2023-01-04 10:55:10,4
magi,/items/2118564427,50,パワータブレット 1,2023-01-04,2023-01-04 10:55:10,4
magi,/items/1339827925,30,【４枚セット】パワー,2023-01-04,2023-01-04 10:55:10,4
magi,/items/1059161887,190,パワータブレット(キ,2023-01-04,2023-01-04 10:55:10,1
magi,/items/1451954530,250,パワータブレット 1,2023-01-04,2023-01-04 10:55:10,1
magi,/items/768149715,250,パワータブレット 1,2023-01-04,2023-01-04 10:55:10,1
magi,/items/634615563,200,パワータブレット 1,2023-01-04,2023-01-04 10:55:10,1
magi,/items/2060357412,200,パワータブレット 1,2023-01-04,2023-01-04 10:55:10,1
magi,/items/1865675828,25,1枚25円 s12a,2023-01-04,2023-01-04 10:55:10,1
