market,link,price,name,date,datetime,stock
torecolo,/shop/g/g158-414-SI-BM/,44,【ポケカ】ＳＳ）ミラ,2022-12-04,2022-12-04 06:18:01,6
torecolo,/shop/g/g158-414-SI-B/,33,【ポケカ】ＳＳ）通常,2022-12-04,2022-12-04 06:18:01,1
