market,link,price,name,date,datetime,stock
hareruya2,https://www.hareruya2.com/product/26050,100,オリジンパルキアV(,2022-12-11,2022-12-11 10:04:18,52
