market,link,price,name,date,datetime,stock
torecolo,/shop/g/g037-067-S9A-BM/,77,【ポケカ】Ｃ）ミラー,2022-12-25,2022-12-25 07:44:30,5
torecolo,/shop/g/g037-067-S9A-B/,44,【ポケカ】Ｃ）通常仕,2022-12-25,2022-12-25 07:44:30,3
