market,link,price,name,date,datetime,stock
hareruya2,https://www.hareruya2.com/product/17300,500,きずぐすり(PROM,2022-12-27,2022-12-27 11:48:06,5
