market,link,price,name,date,datetime,stock
cardrush,https://www.cardrush-pokemon.jp/product/23309,120,ラグラージ095/4,2022-11-24,2022-11-24 06:12:33,2
cardrush,https://www.cardrush-pokemon.jp/product/23308,30,ラグラージ095/4,2022-11-24,2022-11-24 06:12:33,0
