market,link,price,name,date,datetime,stock
magi,/items/1009972099,20.0,8枚セット/PSY ,2023-02-20,2023-02-20 09:15:21,8.0
magi,/items/297711493,20.0,8枚セット/PSY ,2023-02-20,2023-02-20 09:15:21,8.0
magi,/items/1929138237,20.0,8枚セット/PSY ,2023-02-20,2023-02-20 09:15:21,8.0
magi,/items/144296701,20.0,8枚セット/PSY ,2023-02-20,2023-02-20 09:15:21,8.0
magi,/items/1921660427,20.0,8枚セット/PSY ,2023-02-20,2023-02-20 09:15:21,8.0
magi,/items/324489074,120.0,2枚目以降100円引,2023-02-20,2023-02-20 09:15:21,1.0
magi,/items/1540393136,120.0,2枚目以降100円引,2023-02-20,2023-02-20 09:15:21,1.0
magi,/items/1902455145,20.0,8枚セット/PSY ,2023-02-20,2023-02-20 09:15:21,8.0
magi,/items/281446810,20.0,8枚セット/PSY ,2023-02-20,2023-02-20 09:15:21,8.0
hareruya2,https://www.hareruya2.com/product/20949,50.0,基本超エネルギー:前,2023-02-20,2023-02-20 09:15:20,6.0
hareruya2,https://www.hareruya2.com/product/20601,100.0,基本超エネルギー:2,2023-02-20,2023-02-20 09:15:20,14.0
hareruya2,https://www.hareruya2.com/product/26893,50.0,基本超エネルギー(D,2023-02-20,2023-02-20 09:15:20,52.0
hareruya2,https://www.hareruya2.com/product/20958,50.0,基本超エネルギー:後,2023-02-20,2023-02-20 09:15:20,19.0
hareruya2,https://www.hareruya2.com/product/20940,100.0,基本超エネルギー:ミ,2023-02-20,2023-02-20 09:15:20,10.0
hareruya2,https://www.hareruya2.com/product/24268,50.0,基本超エネルギー(-,2023-02-20,2023-02-20 09:15:20,1.0
hareruya2,https://www.hareruya2.com/product/17582,50.0,基本超エネルギー:前,2023-02-20,2023-02-20 09:15:20,25.0
hareruya2,https://www.hareruya2.com/product/15978,50.0,基本超エネルギー(D,2023-02-20,2023-02-20 09:15:20,2.0
hareruya2,https://www.hareruya2.com/product/21610,100.0,基本超エネルギー:ミ,2023-02-20,2023-02-20 09:15:20,95.0
hareruya2,https://www.hareruya2.com/product/21434,100.0,基本超エネルギー(C,2023-02-20,2023-02-20 09:15:20,96.0
hareruya2,https://www.hareruya2.com/product/13210,100.0,基本超エネルギー(C,2023-02-20,2023-02-20 09:15:20,9.0
hareruya2,https://www.hareruya2.com/product/19585,100.0,基本超エネルギー(-,2023-02-20,2023-02-20 09:15:20,4.0
magi,/items/1921660427,20.0,8枚セット/PSY ,2023-02-19,2023-02-19 09:15:59,8.0
magi,/items/1540393136,120.0,2枚目以降100円引,2023-02-19,2023-02-19 09:15:59,1.0
magi,/items/144296701,20.0,8枚セット/PSY ,2023-02-19,2023-02-19 09:15:59,8.0
magi,/items/1929138237,20.0,8枚セット/PSY ,2023-02-19,2023-02-19 09:15:59,8.0
magi,/items/297711493,20.0,8枚セット/PSY ,2023-02-19,2023-02-19 09:15:59,8.0
magi,/items/281446810,20.0,8枚セット/PSY ,2023-02-19,2023-02-19 09:15:59,8.0
magi,/items/1902455145,20.0,8枚セット/PSY ,2023-02-19,2023-02-19 09:15:59,8.0
magi,/items/1009972099,20.0,8枚セット/PSY ,2023-02-19,2023-02-19 09:15:59,8.0
magi,/items/324489074,120.0,2枚目以降100円引,2023-02-19,2023-02-19 09:15:59,1.0
hareruya2,https://www.hareruya2.com/product/20601,100.0,基本超エネルギー:2,2023-02-19,2023-02-19 09:15:58,14.0
hareruya2,https://www.hareruya2.com/product/17582,50.0,基本超エネルギー:前,2023-02-19,2023-02-19 09:15:58,25.0
hareruya2,https://www.hareruya2.com/product/13210,100.0,基本超エネルギー(C,2023-02-19,2023-02-19 09:15:58,9.0
hareruya2,https://www.hareruya2.com/product/19585,100.0,基本超エネルギー(-,2023-02-19,2023-02-19 09:15:58,4.0
hareruya2,https://www.hareruya2.com/product/20940,100.0,基本超エネルギー:ミ,2023-02-19,2023-02-19 09:15:58,10.0
hareruya2,https://www.hareruya2.com/product/24268,50.0,基本超エネルギー(-,2023-02-19,2023-02-19 09:15:58,1.0
hareruya2,https://www.hareruya2.com/product/26893,50.0,基本超エネルギー(D,2023-02-19,2023-02-19 09:15:58,66.0
hareruya2,https://www.hareruya2.com/product/15978,50.0,基本超エネルギー(D,2023-02-19,2023-02-19 09:15:58,2.0
hareruya2,https://www.hareruya2.com/product/21610,100.0,基本超エネルギー:ミ,2023-02-19,2023-02-19 09:15:58,102.0
hareruya2,https://www.hareruya2.com/product/21434,100.0,基本超エネルギー(C,2023-02-19,2023-02-19 09:15:58,96.0
hareruya2,https://www.hareruya2.com/product/20949,50.0,基本超エネルギー:前,2023-02-19,2023-02-19 09:15:58,6.0
hareruya2,https://www.hareruya2.com/product/20958,50.0,基本超エネルギー:後,2023-02-19,2023-02-19 09:15:58,19.0
magi,/items/1921660427,20.0,8枚セット/PSY ,2023-02-18,2023-02-18 09:19:15,8.0
magi,/items/1902455145,20.0,8枚セット/PSY ,2023-02-18,2023-02-18 09:19:15,8.0
magi,/items/297711493,20.0,8枚セット/PSY ,2023-02-18,2023-02-18 09:19:15,8.0
magi,/items/324489074,120.0,2枚目以降100円引,2023-02-18,2023-02-18 09:19:15,1.0
magi,/items/1009972099,20.0,8枚セット/PSY ,2023-02-18,2023-02-18 09:19:15,8.0
magi,/items/1929138237,20.0,8枚セット/PSY ,2023-02-18,2023-02-18 09:19:15,8.0
magi,/items/1540393136,120.0,2枚目以降100円引,2023-02-18,2023-02-18 09:19:15,1.0
magi,/items/144296701,20.0,8枚セット/PSY ,2023-02-18,2023-02-18 09:19:15,8.0
magi,/items/281446810,20.0,8枚セット/PSY ,2023-02-18,2023-02-18 09:19:15,8.0
hareruya2,https://www.hareruya2.com/product/26893,50.0,基本超エネルギー(D,2023-02-18,2023-02-18 09:19:14,67.0
hareruya2,https://www.hareruya2.com/product/21610,100.0,基本超エネルギー:ミ,2023-02-18,2023-02-18 09:19:14,102.0
hareruya2,https://www.hareruya2.com/product/17582,50.0,基本超エネルギー:前,2023-02-18,2023-02-18 09:19:14,26.0
hareruya2,https://www.hareruya2.com/product/20949,50.0,基本超エネルギー:前,2023-02-18,2023-02-18 09:19:14,6.0
hareruya2,https://www.hareruya2.com/product/20958,50.0,基本超エネルギー:後,2023-02-18,2023-02-18 09:19:14,20.0
hareruya2,https://www.hareruya2.com/product/20940,100.0,基本超エネルギー:ミ,2023-02-18,2023-02-18 09:19:14,10.0
hareruya2,https://www.hareruya2.com/product/21434,100.0,基本超エネルギー(C,2023-02-18,2023-02-18 09:19:14,96.0
hareruya2,https://www.hareruya2.com/product/13210,100.0,基本超エネルギー(C,2023-02-18,2023-02-18 09:19:14,9.0
hareruya2,https://www.hareruya2.com/product/15978,50.0,基本超エネルギー(D,2023-02-18,2023-02-18 09:19:14,3.0
hareruya2,https://www.hareruya2.com/product/20601,100.0,基本超エネルギー:2,2023-02-18,2023-02-18 09:19:14,14.0
hareruya2,https://www.hareruya2.com/product/19585,100.0,基本超エネルギー(-,2023-02-18,2023-02-18 09:19:14,4.0
hareruya2,https://www.hareruya2.com/product/24268,50.0,基本超エネルギー(-,2023-02-18,2023-02-18 09:19:14,11.0
magi,/items/1540393136,120.0,2枚目以降100円引,2023-02-17,2023-02-17 09:08:53,1.0
magi,/items/1921660427,20.0,8枚セット/PSY ,2023-02-17,2023-02-17 09:08:53,8.0
magi,/items/1902455145,20.0,8枚セット/PSY ,2023-02-17,2023-02-17 09:08:53,8.0
magi,/items/297711493,20.0,8枚セット/PSY ,2023-02-17,2023-02-17 09:08:53,8.0
magi,/items/324489074,120.0,2枚目以降100円引,2023-02-17,2023-02-17 09:08:53,1.0
magi,/items/1009972099,20.0,8枚セット/PSY ,2023-02-17,2023-02-17 09:08:53,8.0
magi,/items/1929138237,20.0,8枚セット/PSY ,2023-02-17,2023-02-17 09:08:53,8.0
magi,/items/281446810,20.0,8枚セット/PSY ,2023-02-17,2023-02-17 09:08:53,8.0
magi,/items/144296701,20.0,8枚セット/PSY ,2023-02-17,2023-02-17 09:08:53,8.0
hareruya2,https://www.hareruya2.com/product/17582,50.0,基本超エネルギー:前,2023-02-17,2023-02-17 09:08:52,26.0
hareruya2,https://www.hareruya2.com/product/20958,50.0,基本超エネルギー:後,2023-02-17,2023-02-17 09:08:52,20.0
hareruya2,https://www.hareruya2.com/product/24268,50.0,基本超エネルギー(-,2023-02-17,2023-02-17 09:08:52,11.0
hareruya2,https://www.hareruya2.com/product/20949,50.0,基本超エネルギー:前,2023-02-17,2023-02-17 09:08:52,6.0
hareruya2,https://www.hareruya2.com/product/21610,100.0,基本超エネルギー:ミ,2023-02-17,2023-02-17 09:08:52,102.0
hareruya2,https://www.hareruya2.com/product/21434,100.0,基本超エネルギー(C,2023-02-17,2023-02-17 09:08:52,96.0
hareruya2,https://www.hareruya2.com/product/13210,100.0,基本超エネルギー(C,2023-02-17,2023-02-17 09:08:52,9.0
hareruya2,https://www.hareruya2.com/product/15978,50.0,基本超エネルギー(D,2023-02-17,2023-02-17 09:08:52,3.0
hareruya2,https://www.hareruya2.com/product/20601,100.0,基本超エネルギー:2,2023-02-17,2023-02-17 09:08:52,14.0
hareruya2,https://www.hareruya2.com/product/19585,100.0,基本超エネルギー(-,2023-02-17,2023-02-17 09:08:52,4.0
hareruya2,https://www.hareruya2.com/product/20940,100.0,基本超エネルギー:ミ,2023-02-17,2023-02-17 09:08:52,10.0
hareruya2,https://www.hareruya2.com/product/26893,50.0,基本超エネルギー(D,2023-02-17,2023-02-17 09:08:52,67.0
magi,/items/1009972099,20.0,8枚セット/PSY ,2023-02-16,2023-02-16 09:15:58,8.0
magi,/items/144296701,20.0,8枚セット/PSY ,2023-02-16,2023-02-16 09:15:58,8.0
magi,/items/1929138237,20.0,8枚セット/PSY ,2023-02-16,2023-02-16 09:15:58,8.0
magi,/items/297711493,20.0,8枚セット/PSY ,2023-02-16,2023-02-16 09:15:58,8.0
magi,/items/1902455145,20.0,8枚セット/PSY ,2023-02-16,2023-02-16 09:15:58,8.0
magi,/items/1921660427,20.0,8枚セット/PSY ,2023-02-16,2023-02-16 09:15:58,8.0
magi,/items/1540393136,120.0,2枚目以降100円引,2023-02-16,2023-02-16 09:15:58,1.0
magi,/items/281446810,20.0,8枚セット/PSY ,2023-02-16,2023-02-16 09:15:58,8.0
magi,/items/324489074,120.0,2枚目以降100円引,2023-02-16,2023-02-16 09:15:58,1.0
hareruya2,https://www.hareruya2.com/product/24268,50.0,基本超エネルギー(-,2023-02-16,2023-02-16 09:15:57,11.0
hareruya2,https://www.hareruya2.com/product/20958,50.0,基本超エネルギー:後,2023-02-16,2023-02-16 09:15:57,20.0
hareruya2,https://www.hareruya2.com/product/15978,50.0,基本超エネルギー(D,2023-02-16,2023-02-16 09:15:57,3.0
hareruya2,https://www.hareruya2.com/product/26893,50.0,基本超エネルギー(D,2023-02-16,2023-02-16 09:15:57,72.0
hareruya2,https://www.hareruya2.com/product/21434,100.0,基本超エネルギー(C,2023-02-16,2023-02-16 09:15:57,96.0
hareruya2,https://www.hareruya2.com/product/19585,100.0,基本超エネルギー(-,2023-02-16,2023-02-16 09:15:57,4.0
hareruya2,https://www.hareruya2.com/product/20601,100.0,基本超エネルギー:2,2023-02-16,2023-02-16 09:15:57,14.0
hareruya2,https://www.hareruya2.com/product/17582,50.0,基本超エネルギー:前,2023-02-16,2023-02-16 09:15:57,26.0
hareruya2,https://www.hareruya2.com/product/20940,100.0,基本超エネルギー:ミ,2023-02-16,2023-02-16 09:15:57,10.0
hareruya2,https://www.hareruya2.com/product/21610,100.0,基本超エネルギー:ミ,2023-02-16,2023-02-16 09:15:57,102.0
hareruya2,https://www.hareruya2.com/product/13210,100.0,基本超エネルギー(C,2023-02-16,2023-02-16 09:15:57,9.0
hareruya2,https://www.hareruya2.com/product/20949,50.0,基本超エネルギー:前,2023-02-16,2023-02-16 09:15:57,7.0
magi,/items/144296701,20.0,8枚セット/PSY ,2023-02-15,2023-02-15 09:21:35,8.0
magi,/items/1009972099,20.0,8枚セット/PSY ,2023-02-15,2023-02-15 09:21:35,8.0
magi,/items/281446810,20.0,8枚セット/PSY ,2023-02-15,2023-02-15 09:21:35,8.0
magi,/items/1929138237,20.0,8枚セット/PSY ,2023-02-15,2023-02-15 09:21:35,8.0
magi,/items/1921660427,20.0,8枚セット/PSY ,2023-02-15,2023-02-15 09:21:35,8.0
magi,/items/297711493,20.0,8枚セット/PSY ,2023-02-15,2023-02-15 09:21:35,8.0
magi,/items/1540393136,120.0,2枚目以降100円引,2023-02-15,2023-02-15 09:21:35,1.0
magi,/items/324489074,120.0,2枚目以降100円引,2023-02-15,2023-02-15 09:21:35,1.0
magi,/items/1902455145,20.0,8枚セット/PSY ,2023-02-15,2023-02-15 09:21:35,8.0
hareruya2,https://www.hareruya2.com/product/26893,50.0,基本超エネルギー(D,2023-02-15,2023-02-15 09:21:34,72.0
hareruya2,https://www.hareruya2.com/product/19585,100.0,基本超エネルギー(-,2023-02-15,2023-02-15 09:21:34,4.0
hareruya2,https://www.hareruya2.com/product/13210,100.0,基本超エネルギー(C,2023-02-15,2023-02-15 09:21:34,9.0
hareruya2,https://www.hareruya2.com/product/21434,100.0,基本超エネルギー(C,2023-02-15,2023-02-15 09:21:34,96.0
hareruya2,https://www.hareruya2.com/product/20958,50.0,基本超エネルギー:後,2023-02-15,2023-02-15 09:21:34,20.0
hareruya2,https://www.hareruya2.com/product/15978,50.0,基本超エネルギー(D,2023-02-15,2023-02-15 09:21:34,4.0
hareruya2,https://www.hareruya2.com/product/20949,50.0,基本超エネルギー:前,2023-02-15,2023-02-15 09:21:34,7.0
hareruya2,https://www.hareruya2.com/product/24268,50.0,基本超エネルギー(-,2023-02-15,2023-02-15 09:21:34,11.0
hareruya2,https://www.hareruya2.com/product/20940,100.0,基本超エネルギー:ミ,2023-02-15,2023-02-15 09:21:34,10.0
hareruya2,https://www.hareruya2.com/product/20601,100.0,基本超エネルギー:2,2023-02-15,2023-02-15 09:21:34,14.0
hareruya2,https://www.hareruya2.com/product/21610,100.0,基本超エネルギー:ミ,2023-02-15,2023-02-15 09:21:34,102.0
hareruya2,https://www.hareruya2.com/product/17582,50.0,基本超エネルギー:前,2023-02-15,2023-02-15 09:21:34,26.0
magi,/items/297711493,20.0,8枚セット/PSY ,2023-02-14,2023-02-14 09:14:14,8.0
magi,/items/1009972099,20.0,8枚セット/PSY ,2023-02-14,2023-02-14 09:14:14,8.0
magi,/items/1921660427,20.0,8枚セット/PSY ,2023-02-14,2023-02-14 09:14:14,8.0
magi,/items/1902455145,20.0,8枚セット/PSY ,2023-02-14,2023-02-14 09:14:14,8.0
magi,/items/281446810,20.0,8枚セット/PSY ,2023-02-14,2023-02-14 09:14:14,8.0
magi,/items/324489074,120.0,2枚目以降100円引,2023-02-14,2023-02-14 09:14:14,1.0
magi,/items/144296701,20.0,8枚セット/PSY ,2023-02-14,2023-02-14 09:14:14,8.0
magi,/items/1929138237,20.0,8枚セット/PSY ,2023-02-14,2023-02-14 09:14:14,8.0
magi,/items/1540393136,120.0,2枚目以降100円引,2023-02-14,2023-02-14 09:14:14,1.0
hareruya2,https://www.hareruya2.com/product/26893,50.0,基本超エネルギー(D,2023-02-14,2023-02-14 09:14:13,73.0
hareruya2,https://www.hareruya2.com/product/20958,50.0,基本超エネルギー:後,2023-02-14,2023-02-14 09:14:13,20.0
hareruya2,https://www.hareruya2.com/product/21434,100.0,基本超エネルギー(C,2023-02-14,2023-02-14 09:14:13,96.0
hareruya2,https://www.hareruya2.com/product/20601,100.0,基本超エネルギー:2,2023-02-14,2023-02-14 09:14:13,14.0
hareruya2,https://www.hareruya2.com/product/13210,100.0,基本超エネルギー(C,2023-02-14,2023-02-14 09:14:13,9.0
hareruya2,https://www.hareruya2.com/product/20949,50.0,基本超エネルギー:前,2023-02-14,2023-02-14 09:14:13,7.0
hareruya2,https://www.hareruya2.com/product/17582,50.0,基本超エネルギー:前,2023-02-14,2023-02-14 09:14:13,26.0
hareruya2,https://www.hareruya2.com/product/19585,100.0,基本超エネルギー(-,2023-02-14,2023-02-14 09:14:13,4.0
hareruya2,https://www.hareruya2.com/product/20940,100.0,基本超エネルギー:ミ,2023-02-14,2023-02-14 09:14:13,10.0
hareruya2,https://www.hareruya2.com/product/24268,50.0,基本超エネルギー(-,2023-02-14,2023-02-14 09:14:13,15.0
hareruya2,https://www.hareruya2.com/product/21610,100.0,基本超エネルギー:ミ,2023-02-14,2023-02-14 09:14:13,102.0
hareruya2,https://www.hareruya2.com/product/15978,50.0,基本超エネルギー(D,2023-02-14,2023-02-14 09:14:13,4.0
magi,/items/297711493,20.0,8枚セット/PSY ,2023-02-13,2023-02-13 09:08:22,8.0
magi,/items/281446810,20.0,8枚セット/PSY ,2023-02-13,2023-02-13 09:08:22,8.0
magi,/items/144296701,20.0,8枚セット/PSY ,2023-02-13,2023-02-13 09:08:22,8.0
magi,/items/1902455145,20.0,8枚セット/PSY ,2023-02-13,2023-02-13 09:08:22,8.0
magi,/items/1009972099,20.0,8枚セット/PSY ,2023-02-13,2023-02-13 09:08:22,8.0
magi,/items/1921660427,20.0,8枚セット/PSY ,2023-02-13,2023-02-13 09:08:22,8.0
magi,/items/1929138237,20.0,8枚セット/PSY ,2023-02-13,2023-02-13 09:08:22,8.0
magi,/items/1540393136,120.0,2枚目以降100円引,2023-02-13,2023-02-13 09:08:22,1.0
magi,/items/324489074,120.0,2枚目以降100円引,2023-02-13,2023-02-13 09:08:22,1.0
hareruya2,https://www.hareruya2.com/product/24268,50.0,基本超エネルギー(-,2023-02-13,2023-02-13 09:08:20,15.0
hareruya2,https://www.hareruya2.com/product/20949,50.0,基本超エネルギー:前,2023-02-13,2023-02-13 09:08:20,7.0
hareruya2,https://www.hareruya2.com/product/13210,100.0,基本超エネルギー(C,2023-02-13,2023-02-13 09:08:20,9.0
hareruya2,https://www.hareruya2.com/product/17582,50.0,基本超エネルギー:前,2023-02-13,2023-02-13 09:08:20,26.0
hareruya2,https://www.hareruya2.com/product/19585,100.0,基本超エネルギー(-,2023-02-13,2023-02-13 09:08:20,4.0
hareruya2,https://www.hareruya2.com/product/21434,100.0,基本超エネルギー(C,2023-02-13,2023-02-13 09:08:20,96.0
hareruya2,https://www.hareruya2.com/product/21610,100.0,基本超エネルギー:ミ,2023-02-13,2023-02-13 09:08:20,101.0
hareruya2,https://www.hareruya2.com/product/20601,100.0,基本超エネルギー:2,2023-02-13,2023-02-13 09:08:20,14.0
hareruya2,https://www.hareruya2.com/product/26893,50.0,基本超エネルギー(D,2023-02-13,2023-02-13 09:08:20,81.0
hareruya2,https://www.hareruya2.com/product/15978,50.0,基本超エネルギー(D,2023-02-13,2023-02-13 09:08:20,4.0
hareruya2,https://www.hareruya2.com/product/20958,50.0,基本超エネルギー:後,2023-02-13,2023-02-13 09:08:20,20.0
hareruya2,https://www.hareruya2.com/product/20940,100.0,基本超エネルギー:ミ,2023-02-13,2023-02-13 09:08:20,10.0
