market,link,price,name,date,datetime,stock
torecolo,/shop/g/g063-098-S12-B/,33,【ポケカ】Ｃ◇ガラル,2022-12-27,2022-12-27 10:01:39,18
