market,link,price,name,date,datetime,stock
cardrush,https://www.cardrush-pokemon.jp/product/34689,80,グレイシア021/0,2022-12-16,2022-12-16 08:32:49,59
