market,link,price,name,date,datetime,stock
torecolo,/shop/g/g072-067-S9A-B/,165,【ポケカ】ＣＨＲ◇グ,2022-11-17,2022-11-17 07:32:46,23
