market,link,price,name,date,datetime,stock
torecolo,/shop/g/g022-071-S10A-BM/,44,【ポケカ】Ｃ）ミラー,2022-11-25,2022-11-25 07:41:43,2
torecolo,/shop/g/g022-071-S10A-B/,3,【ポケカ】Ｃ）通常仕,2022-11-25,2022-11-25 07:41:43,14
