market,link,price,name,date,datetime,stock
hareruya2,https://www.hareruya2.com/product/22546,600,マオ&スイレン(PR,2022-12-12,2022-12-12 12:24:28,9
