market,link,price,name,date,datetime,stock
hareruya2,https://www.hareruya2.com/product/22797,200,ダークライV(D){,2022-11-19,2022-11-19 07:35:36,21
