market,link,price,name,date,datetime,stock
torecolo,/shop/g/g060-100-S9-B/,88,【ポケカ】Ｃ◇ベトベ,2022-11-19,2022-11-19 07:05:36,0
