market,link,price,name,date,datetime,stock
hareruya2,https://www.hareruya2.com/product/22807,50,ジュン(D){サポー,2022-11-27,2022-11-27 07:33:54,86
