market,link,price,name,date,datetime,stock
cardrush,https://www.cardrush-pokemon.jp/product/23547,80,ダストダスV281/,2022-10-27,2022-10-27 12:42:40,51
cardrush,https://www.cardrush-pokemon.jp/product/23548,80,ダストダスV281/,2022-10-27,2022-10-27 12:42:40,4
