market,link,price,name,date,datetime,stock
torecolo,/shop/g/g062-068-S11A-BM/,55,【ポケカ】Ｕ）ミラー,2022-12-02,2022-12-02 09:12:46,15
torecolo,/shop/g/g062-068-S11A-B/,44,【ポケカ】Ｕ）通常仕,2022-12-02,2022-12-02 09:12:46,47
