market,link,price,name,date,datetime,stock
cardrush,https://www.cardrush-pokemon.jp/product/24273,30,タマタマ001/10,2022-12-13,2022-12-13 07:15:00,92
