market,link,price,name,date,datetime,stock
hareruya2,https://www.hareruya2.com/product/21770,50,スリーパー(D){超,2022-11-16,2022-11-16 06:22:38,5
