market,link,price,name,date,datetime,stock
torecolo,/shop/g/g399-414-SI-BM/,55,【ポケカ】ＳＳ）ミラ,2022-11-30,2022-11-30 06:52:02,8
torecolo,/shop/g/g399-414-SI-B/,28,【ポケカ】ＳＳ）通常,2022-11-30,2022-11-30 06:52:02,4
