market,link,price,name,date,datetime,stock
cardrush,https://www.cardrush-pokemon.jp/product/23707,30,ジュン399/414,2022-11-14,2022-11-14 06:48:47,82
cardrush,https://www.cardrush-pokemon.jp/product/23708,120,ジュン399/414,2022-11-14,2022-11-14 06:48:47,162
