market,link,price,name,date,datetime,stock
magi,/items/1814968003,100,ジュン TD 399,2023-01-04,2023-01-04 07:03:44,1
magi,/items/1148020839,150,ジュン TD 399,2023-01-04,2023-01-04 07:03:44,1
magi,/items/1435038655,150,ジュン TD 399,2023-01-04,2023-01-04 07:03:44,1
magi,/items/373405797,120,ジュン【-】{399,2023-01-04,2023-01-04 07:03:44,1
magi,/items/575060082,120,ジュン【-】{399,2023-01-04,2023-01-04 07:03:44,1
magi,/items/694427606,140,ジュン TD 399,2023-01-04,2023-01-04 07:03:44,1
magi,/items/669744615,100,ジュン TD 399,2023-01-04,2023-01-04 07:03:44,1
magi,/items/800987305,12,ジュン TD 399,2023-01-04,2023-01-04 07:03:44,8
magi,/items/1776888751,100,ジュン TD 399,2023-01-04,2023-01-04 07:03:44,1
magi,/items/567791785,100,ジュン TD 399,2023-01-04,2023-01-04 07:03:44,1
magi,/items/1669464743,100,ジュン TD 399,2023-01-04,2023-01-04 07:03:44,1
magi,/items/1340487656,100,ジュン(キラ) S-,2023-01-04,2023-01-04 07:03:44,1
magi,/items/1464702208,100,ジュン TD 399,2023-01-04,2023-01-04 07:03:44,1
magi,/items/309617531,30,ジュン TD 399,2023-01-04,2023-01-04 07:03:44,4
magi,/items/678099130,25,ジュン TD 399,2023-01-04,2023-01-04 07:03:44,4
magi,/items/326045217,150,ジュン TD 399,2023-01-04,2023-01-04 07:03:44,1
magi,/items/2111152881,150,ジュン TD 399,2023-01-04,2023-01-04 07:03:44,1
magi,/items/93208386,150,ジュン TD 399,2023-01-04,2023-01-04 07:03:44,1
magi,/items/1399384382,150,ジュン TD 399,2023-01-04,2023-01-04 07:03:44,1
magi,/items/677231932,150,ジュン TD 399,2023-01-04,2023-01-04 07:03:44,1
magi,/items/1386525262,100,ジュン TD 399,2023-01-04,2023-01-04 07:03:44,1
magi,/items/2032506782,400,ジュン TD 399,2023-01-04,2023-01-04 07:03:44,1
magi,/items/340488130,120,ジュン(キラ ミラー,2023-01-04,2023-01-04 07:03:44,1
magi,/items/96557088,25,1枚25円 ジュン ,2023-01-04,2023-01-04 07:03:44,1
magi,/items/368469947,150,ジュン(キラ) S-,2023-01-04,2023-01-04 07:03:44,1
