market,link,price,name,date,datetime,stock
torecolo,/shop/g/g033-067-S10P-B/,2,【ポケカ】Ｕ◇カラマ,2022-11-28,2022-11-28 08:22:22,20
