market,link,price,name,date,datetime,stock
torecolo,/shop/g/g065-067-S9A-BM/,110,【ポケカ】Ｕ）ミラー,2022-12-20,2022-12-20 07:51:48,22
torecolo,/shop/g/g065-067-S9A-B/,77,【ポケカ】Ｕ）通常仕,2022-12-20,2022-12-20 07:51:48,44
