market,link,price,name,date,datetime,stock
magi,/items/971984068,100,エンテイ R 014,2022-12-26,2022-12-26 10:06:50,1
magi,/items/647196840,100,エンテイ R 014,2022-12-26,2022-12-26 10:06:50,1
magi,/items/1495556976,21,エンテイ R 014,2022-12-26,2022-12-26 10:06:50,16
magi,/items/1758963890,100,エンテイ R 014,2022-12-26,2022-12-26 10:06:50,1
magi,/items/497254410,100,エンテイ R 014,2022-12-26,2022-12-26 10:06:50,1
magi,/items/1654992705,100,エンテイ R 014,2022-12-26,2022-12-26 10:06:50,1
magi,/items/1556864161,37,エンテイ R 014,2022-12-26,2022-12-26 10:06:50,4
magi,/items/1552138008,50,エンテイ R 014,2022-12-26,2022-12-26 10:06:50,4
magi,/items/131974151,50,エンテイ R 014,2022-12-26,2022-12-26 10:06:50,4
magi,/items/229797883,50,エンテイ R 014,2022-12-26,2022-12-26 10:06:50,4
magi,/items/619849684,50,エンテイ R 014,2022-12-26,2022-12-26 10:06:50,4
magi,/items/1861350983,85,エンテイ R 014,2022-12-26,2022-12-26 10:06:50,2
magi,/items/131339136,120,【特価】エンテイ R,2022-12-26,2022-12-26 10:06:50,1
magi,/items/1081988852,150,エンテイ R 014,2022-12-26,2022-12-26 10:06:50,1
magi,/items/179596669,100,エンテイ R 014,2022-12-26,2022-12-26 10:06:50,1
magi,/items/1950982958,100,エンテイ R 014,2022-12-26,2022-12-26 10:06:50,1
magi,/items/1213810105,25,エンテイ R 014,2022-12-26,2022-12-26 10:06:50,4
magi,/items/921976398,25,エンテイ R 014,2022-12-26,2022-12-26 10:06:50,4
magi,/items/1631081431,110,エンテイ R 014,2022-12-26,2022-12-26 10:06:50,1
magi,/items/81264236,25,エンテイ R 014,2022-12-26,2022-12-26 10:06:50,4
magi,/items/1490649349,300,エンテイ R 014,2022-12-26,2022-12-26 10:06:50,1
magi,/items/1624282698,1000,エンテイ R 014,2022-12-26,2022-12-26 10:06:50,1
magi,/items/1309588434,300,エンテイ R 014,2022-12-26,2022-12-26 10:06:50,1
magi,/items/1540163193,100,エンテイ R 014,2022-12-26,2022-12-26 10:06:50,1
magi,/items/812344263,100,エンテイ R 014,2022-12-26,2022-12-26 10:06:50,1
magi,/items/2042085274,150,エンテイ R 014,2022-12-26,2022-12-26 10:06:50,1
magi,/items/1393054542,250,エンテイ R 014,2022-12-26,2022-12-26 10:06:50,1
magi,/items/790954515,25,1枚25円 s11a,2022-12-26,2022-12-26 10:06:50,1
