market,link,price,name,date,datetime,stock
cardrush,https://www.cardrush-pokemon.jp/product/38253,50,シンオウ神殿169/,2022-12-08,2022-12-08 10:54:55,311
cardrush,https://www.cardrush-pokemon.jp/product/38342,120,シンオウ神殿169/,2022-12-08,2022-12-08 10:54:55,55
cardrush,https://www.cardrush-pokemon.jp/product/38527,40,シンオウ神殿169/,2022-12-08,2022-12-08 10:54:55,0
cardrush,https://www.cardrush-pokemon.jp/product/38616,110,シンオウ神殿169/,2022-12-08,2022-12-08 10:54:55,0
