market,link,price,name,date,datetime,stock
hareruya2,https://www.hareruya2.com/product/22589,500,ヒバニー(PROMO,2022-11-26,2022-11-26 10:45:58,8
