market,link,price,name,date,datetime,stock
magi,/items/24893494,250,ツツジ 157/17,2022-12-11,2022-12-11 10:47:19,1
magi,/items/1982205048,62,【４枚セット】ツツジ,2022-12-11,2022-12-11 10:47:19,4
magi,/items/2072482651,150,ツツジ 157/17,2022-12-11,2022-12-11 10:47:19,1
magi,/items/593780889,222,ツツジ(キラ) 15,2022-12-11,2022-12-11 10:47:19,1
magi,/items/42881926,350,ツツジ 157/17,2022-12-11,2022-12-11 10:47:19,1
magi,/items/413470193,350,ツツジ 157/17,2022-12-11,2022-12-11 10:47:19,1
magi,/items/39458129,300,ツツジ 157/17,2022-12-11,2022-12-11 10:47:19,1
magi,/items/1448203657,300,ツツジ 157/17,2022-12-11,2022-12-11 10:47:19,1
magi,/items/1459317808,50,1枚50円 s12a,2022-12-11,2022-12-11 10:47:19,1
magi,/items/62646062,50,1枚50円 s12a,2022-12-11,2022-12-11 10:47:19,1
magi,/items/1887438888,240,ツツジ(キラ) 15,2022-12-11,2022-12-11 10:47:19,1
magi,/items/798520468,250,ツツジ 157/17,2022-12-11,2022-12-11 10:47:19,1
magi,/items/792113397,300,ツツジ 157/17,2022-12-11,2022-12-11 10:47:19,1
