market,link,price,name,date,datetime,stock
magi,/items/1426462841,120,レパルダス U 05,2022-11-04,2022-11-04 06:52:08,1
magi,/items/468567612,25,1枚25円 s12 ,2022-11-04,2022-11-04 06:52:08,1
magi,/items/1852577647,300,レパルダス U 05,2022-11-04,2022-11-04 06:52:08,1
