market,link,price,name,date,datetime,stock
hareruya2,https://www.hareruya2.com/product/22796,50,ハブネーク(D){悪,2022-11-01,2022-11-01 12:08:13,27
