market,link,price,name,date,datetime,stock
torecolo,/shop/g/g061-068-S11A-B/,88,【ポケカ】Ｕ）通常仕,2023-01-10,2023-01-10 09:46:33,57
torecolo,/shop/g/g061-068-S11A-BM/,88,【ポケカ】Ｕ）ミラー,2023-01-10,2023-01-10 09:46:33,13
