market,link,price,name,date,datetime,stock
cardrush,https://www.cardrush-pokemon.jp/product/20735,880,バンギラスV185/,2022-12-07,2022-12-07 12:14:05,160
cardrush,https://www.cardrush-pokemon.jp/product/20650,120,バンギラスV185/,2022-12-07,2022-12-07 12:14:05,15
cardrush,https://www.cardrush-pokemon.jp/product/32043,830,バンギラスV185/,2022-12-07,2022-12-07 12:14:05,1
cardrush,https://www.cardrush-pokemon.jp/product/21165,680,バンギラスV185/,2022-12-07,2022-12-07 12:14:05,0
