market,link,price,name,date,datetime,stock
torecolo,/shop/g/g004-071-S10A-BM/,44,【ポケカ】Ｃ）ミラー,2022-12-16,2022-12-16 07:55:04,0
torecolo,/shop/g/g004-071-S10A-B/,33,【ポケカ】Ｃ）通常仕,2022-12-16,2022-12-16 07:55:04,6
