market,link,price,name,date,datetime,stock
cardrush,https://www.cardrush-pokemon.jp/product/6838,3480,ヒバニー006/S-,2022-11-08,2022-11-08 09:54:12,1
cardrush,https://www.cardrush-pokemon.jp/product/29657,2780,ヒバニー006/S-,2022-11-08,2022-11-08 09:54:12,1
cardrush,https://www.cardrush-pokemon.jp/product/8764,2180,ヒバニー006/S-,2022-11-08,2022-11-08 09:54:12,2
cardrush,https://www.cardrush-pokemon.jp/product/15827,1280,ヒバニー006/S-,2022-11-08,2022-11-08 09:54:12,0
