market,link,price,name,date,datetime,stock
torecolo,/shop/g/g034-067-S10P-B/,33,【ポケカ】Ｃ◇マクノ,2022-12-02,2022-12-02 08:15:58,6
