market,link,price,name,date,datetime,stock
cardrush,https://www.cardrush-pokemon.jp/product/23698,180,コック393/414,2022-12-09,2022-12-09 07:04:00,13
cardrush,https://www.cardrush-pokemon.jp/product/33328,170,コック393/414,2022-12-09,2022-12-09 07:04:00,1
cardrush,https://www.cardrush-pokemon.jp/product/23697,80,コック393/414,2022-12-09,2022-12-09 07:04:00,0
