market,link,price,name,date,datetime,stock
cardrush,https://www.cardrush-pokemon.jp/product/23638,30,ワシボン351/41,2022-12-31,2022-12-31 07:01:25,0
