market,link,price,name,date,datetime,stock
magi,/items/1586349811,180,リゲインエネルギー ,2022-11-09,2022-11-09 09:48:42,1
magi,/items/2052039327,55,リゲインエネルギー ,2022-11-09,2022-11-09 09:48:42,9
magi,/items/1773926681,100,リゲインエネルギー ,2022-11-09,2022-11-09 09:48:42,1
magi,/items/359514893,100,リゲインエネルギー ,2022-11-09,2022-11-09 09:48:42,1
magi,/items/1012089650,120,リゲインエネルギー ,2022-11-09,2022-11-09 09:48:42,1
magi,/items/617917847,50,リゲインエネルギー ,2022-11-09,2022-11-09 09:48:42,4
magi,/items/964844557,150,リゲインエネルギー ,2022-11-09,2022-11-09 09:48:42,1
magi,/items/1025905743,400,リゲインエネルギー(,2022-11-09,2022-11-09 09:48:42,1
magi,/items/704609512,198,リゲインエネルギー ,2022-11-09,2022-11-09 09:48:42,1
magi,/items/2074334599,100,リゲインエネルギー ,2022-11-09,2022-11-09 09:48:42,1
magi,/items/566469017,100,リゲインエネルギー ,2022-11-09,2022-11-09 09:48:42,1
magi,/items/1631588546,400,リゲインエネルギー ,2022-11-09,2022-11-09 09:48:42,1
magi,/items/371699354,380,リゲインエネルギー ,2022-11-09,2022-11-09 09:48:42,1
magi,/items/873204326,400,リゲインエネルギー ,2022-11-09,2022-11-09 09:48:42,1
magi,/items/1947429205,200,リゲインエネルギー ,2022-11-09,2022-11-09 09:48:42,1
magi,/items/1668653325,200,リゲインエネルギー ,2022-11-09,2022-11-09 09:48:42,1
magi,/items/587899135,200,リゲインエネルギー ,2022-11-09,2022-11-09 09:48:42,1
magi,/items/964372799,45,1枚45円 リゲイン,2022-11-09,2022-11-09 09:48:42,1
magi,/items/156012377,100,リゲインエネルギー ,2022-11-09,2022-11-09 09:48:42,1
magi,/items/1117431486,300,リゲインエネルギー ,2022-11-09,2022-11-09 09:48:42,1
