market,link,price,name,date,datetime,stock
cardrush,https://www.cardrush-pokemon.jp/product/24321,80,エルフーンV049/,2022-11-30,2022-11-30 07:04:16,216
cardrush,https://www.cardrush-pokemon.jp/product/24498,70,エルフーンV049/,2022-11-30,2022-11-30 07:04:16,0
cardrush,https://www.cardrush-pokemon.jp/product/24506,50,エルフーンV049/,2022-11-30,2022-11-30 07:04:16,0
cardrush,https://www.cardrush-pokemon.jp/product/24551,30,エルフーンV049/,2022-11-30,2022-11-30 07:04:16,0
